#cutoff=3.50000000
0.175000001E-1,200,27,30,21,25,24,26,20,26,26,26,23,23,23,33,22,28,20,23,16,18,19,18,20,23,19,17,11,20,22,16,10,13,14,28,10,11,11,10,12,18,20,18,15,14,12,10,14,11,8,10,15,7,11,8,11,12,13,8,8,5,8,15,10,5,11,9,6,10,7,7,11,5,5,7,7,4,7,8,6,7,6,5,8,4,3,5,6,3,5,5,3,5,5,8,7,2,5,1,3,2,4,3,2,2,0,2,0,3,6,2,4,1,2,6,3,3,3,3,4,3,3,2,0,5,0,4,4,5,2,1,3,3,2,6,2,3,2,2,3,3,1,4,2,3,2,2,0,2,1,3,0,1,1,0,1,1,4,0,1,3,2,1,0,3,1,2,1,0,1,1,3,1,0,1,1,1,2,1,0,1,0,0,0,0,0,1,2,1,0,0,0,0,0,1,1,0,1,2,0,1
0.175000001E-1,200,31,31,36,28,36,26,18,29,28,22,24,20,21,28,20,23,18,25,22,27,12,17,9,14,11,22,11,15,20,13,14,19,15,12,20,15,12,8,10,19,22,13,15,10,12,8,10,5,10,7,16,13,10,8,10,9,15,6,8,8,11,10,7,14,12,8,9,6,8,6,8,6,8,9,9,5,6,3,11,9,5,6,6,8,5,7,6,4,4,6,3,3,6,5,2,1,5,2,5,3,5,3,2,2,8,4,2,3,5,1,4,6,5,3,4,3,1,3,2,3,3,2,2,3,2,2,1,3,1,4,5,1,0,3,2,4,3,1,2,1,6,1,0,2,3,0,3,1,2,0,1,0,0,1,1,0,0,2,2,4,0,0,2,1,0,1,2,2,0,0,1,0,1,0,1,1,2,2,1,2,0,0,0,2,1,0,2,2,0,0,0,0,0,0,0,0,0,0,0,1
0.175000001E-1,200,16,31,30,27,21,23,26,20,28,33,26,27,20,21,18,23,25,31,20,21,20,19,14,18,24,16,17,17,23,20,13,19,10,14,10,12,15,14,9,11,10,13,13,15,18,13,9,11,10,13,14,10,15,9,14,12,9,16,6,9,7,11,7,11,10,9,5,6,10,5,8,6,2,7,1,4,5,7,5,3,4,7,5,2,2,2,1,10,1,7,5,5,8,7,6,7,6,5,4,6,3,4,5,5,5,5,6,2,2,2,3,5,2,2,6,2,1,3,4,5,2,6,3,0,3,2,3,3,5,3,3,4,0,3,2,3,2,0,1,1,3,3,2,4,1,1,2,0,2,0,0,3,1,0,0,2,2,0,1,2,0,0,1,0,2,1,0,2,0,0,1,1,1,2,0,2,1,0,0,0,3,0,3,1,2,2,0,1,0,0,0,1,0,1,1,0,1,0,3,0
0.175000001E-1,200,33,34,22,24,24,16,25,20,27,25,20,19,23,17,19,22,25,22,15,19,17,20,15,9,18,21,10,27,19,14,22,14,19,16,8,13,17,15,20,15,14,20,18,14,14,10,13,8,9,8,7,9,7,7,8,11,10,9,15,5,12,9,8,7,11,7,9,6,15,10,6,6,12,3,6,11,7,12,4,5,9,2,2,7,3,8,8,4,4,2,9,7,1,6,3,5,5,5,5,2,6,4,9,5,6,2,4,3,3,3,3,0,4,4,5,2,3,4,4,4,0,2,2,5,0,3,2,3,4,2,2,2,2,4,3,1,1,3,3,2,4,3,1,3,2,2,0,2,2,3,1,1,2,2,2,1,1,4,2,1,3,2,1,0,0,0,2,0,0,1,1,2,2,1,1,0,0,1,3,1,1,0,2,0,0,0,0,1,1,0,0,1,0,0,1,0,1,1,1,0
0.175000001E-1,200,35,20,28,34,21,22,35,27,30,18,29,27,26,30,20,16,20,19,12,26,17,21,22,15,16,17,11,16,21,11,18,15,16,13,15,10,12,8,16,18,17,5,13,13,4,14,14,12,10,9,15,10,7,4,8,12,9,11,6,7,7,11,4,13,5,5,11,6,8,15,3,10,10,8,5,4,4,8,4,7,7,11,5,7,7,7,8,5,5,5,7,2,7,4,3,3,6,4,4,3,5,6,5,9,6,7,0,9,3,4,1,4,1,5,4,3,3,2,3,0,4,5,2,4,6,0,3,3,1,3,2,3,0,1,2,3,3,1,4,1,4,0,2,5,3,2,0,1,1,1,1,4,0,2,2,0,3,1,0,0,1,0,0,0,1,0,2,0,1,2,1,0,0,0,1,2,0,0,0,0,0,0,0,0,2,0,0,1,0,2,1,1,0,2,1,0,1,0,0,0
0.175000001E-1,200,20,35,26,31,28,19,17,28,31,24,27,19,18,24,19,26,31,24,22,22,23,21,22,16,22,17,11,16,18,18,15,11,15,15,15,17,20,10,18,12,12,17,13,18,8,10,11,8,8,12,15,9,13,9,10,9,7,5,6,4,5,8,8,4,10,8,8,12,9,9,8,11,4,12,4,6,5,7,7,3,6,8,6,2,4,3,5,4,7,5,4,6,3,2,7,6,5,2,3,7,2,3,5,2,2,4,2,0,5,4,5,4,8,2,4,4,2,1,4,4,5,1,3,1,0,3,0,3,5,4,1,5,1,1,3,4,2,2,0,0,2,2,1,0,2,2,1,1,2,0,1,1,2,1,2,2,4,1,1,1,0,3,2,2,1,2,1,2,1,1,2,2,2,1,0,2,0,0,0,1,1,1,0,3,2,2,0,0,0,0,1,0,0,0,0,1,2,1,1,0
0.175000001E-1,200,26,30,27,30,30,30,27,31,25,24,22,30,20,15,21,18,17,25,33,24,24,19,12,17,15,20,27,21,13,14,20,22,17,11,18,11,7,14,7,10,11,11,11,9,12,7,22,13,13,13,11,11,8,9,7,9,9,9,9,6,4,8,9,8,6,6,2,9,6,4,5,9,7,6,7,7,3,8,6,4,12,6,12,5,2,6,3,6,6,4,5,3,6,3,6,6,3,4,5,2,4,5,0,2,4,6,2,5,8,2,2,3,6,3,5,1,4,4,3,3,3,3,0,4,3,0,4,2,0,4,1,4,3,0,1,3,4,1,1,2,1,1,1,2,2,3,2,1,2,0,5,3,3,1,2,0,1,4,1,1,3,1,2,0,2,2,2,0,2,0,2,2,1,4,1,0,0,3,2,0,0,0,1,1,1,2,0,0,0,1,0,1,0,0,0,1,1,2,0,1
0.175000001E-1,200,44,26,28,33,24,21,26,22,26,19,28,25,20,22,21,20,19,22,17,21,21,19,19,18,19,13,25,15,16,11,16,14,18,12,17,18,12,21,13,10,12,11,11,8,10,7,13,15,12,15,12,3,9,14,14,10,9,10,5,8,9,10,11,7,11,4,10,8,5,7,11,5,5,4,3,8,7,6,5,7,6,3,3,3,6,5,5,6,7,2,1,5,7,3,2,7,1,7,6,7,3,3,2,3,3,3,6,2,4,5,7,0,5,8,5,0,5,9,0,2,2,2,3,3,1,3,2,2,4,3,2,2,5,3,2,1,1,1,2,3,2,1,5,0,2,5,3,2,1,2,0,1,2,1,1,0,1,2,1,0,2,1,1,2,2,0,2,1,3,2,3,1,1,1,1,1,0,0,1,1,1,0,1,1,0,2,2,0,1,2,0,1,1,0,1,0,0,0,0,0
0.175000001E-1,200,20,40,27,32,23,25,25,22,24,24,25,21,15,18,31,23,19,22,20,28,15,19,17,26,16,13,24,21,15,19,11,16,21,15,13,11,20,9,14,17,11,10,15,11,19,12,8,11,9,15,6,8,13,15,13,7,10,8,6,8,5,15,10,7,9,13,6,8,9,6,1,7,3,6,10,6,9,8,3,5,5,3,5,7,2,4,8,4,1,4,5,4,6,2,9,6,5,4,4,3,4,1,4,7,1,4,3,5,4,1,2,2,3,5,2,4,4,3,3,4,0,1,5,3,2,2,2,3,4,7,2,1,3,5,2,1,2,3,2,2,3,1,3,0,0,3,0,1,3,1,1,3,0,1,0,3,3,1,1,0,1,2,3,0,2,3,2,2,1,1,2,0,0,1,1,0,0,0,0,2,1,1,0,2,1,0,2,0,0,0,0,2,1,2,1,1,0,1,1,0
0.175000001E-1,200,26,29,25,36,29,23,25,29,23,24,18,30,24,30,19,17,16,21,18,23,17,15,25,20,16,13,17,11,17,14,14,20,12,7,19,11,15,15,17,13,15,13,17,16,14,17,7,17,13,10,10,5,12,11,10,7,5,7,8,8,7,9,13,5,10,13,5,11,9,6,2,15,7,9,7,6,10,9,6,5,7,3,3,4,8,1,4,5,7,7,2,3,6,7,2,4,5,6,6,2,5,3,5,2,2,1,2,1,3,3,1,6,0,7,6,0,4,4,4,5,3,1,3,2,2,2,3,1,3,3,4,5,1,3,1,4,2,0,2,1,4,3,0,1,2,3,2,0,0,3,4,2,0,2,2,2,0,1,0,2,1,0,3,3,0,0,1,2,3,1,2,1,2,1,1,0,0,0,1,0,1,3,1,0,1,0,0,1,1,0,1,0,1,0,1,0,0,0,0,0
0.175000001E-1,200,25,31,23,25,25,23,28,23,34,20,31,30,16,26,21,18,28,23,24,15,19,17,26,18,19,9,17,18,15,18,17,15,18,12,14,11,13,11,14,10,13,12,11,14,12,11,6,17,16,14,10,7,9,7,11,8,11,9,6,10,8,9,6,10,7,6,8,10,7,6,7,6,3,12,5,10,5,7,2,5,4,7,7,3,4,9,6,5,3,8,7,3,3,10,6,6,1,7,3,6,7,4,5,3,1,6,3,4,1,8,3,2,1,5,4,6,6,4,4,1,4,0,0,3,3,1,1,2,4,0,3,2,3,1,1,2,2,0,2,1,1,1,4,3,4,2,1,0,2,2,1,4,2,2,3,0,2,3,0,2,1,2,1,4,1,0,0,0,2,1,1,1,1,1,2,2,1,1,0,3,1,0,0,1,1,1,2,1,0,1,1,1,1,1,0,0,1,1,1,2
0.175000001E-1,200,34,38,26,34,30,27,18,19,24,22,25,21,24,22,20,25,15,18,22,29,20,18,21,13,18,13,15,16,18,10,20,13,16,17,15,10,16,12,10,16,16,13,10,13,10,8,15,17,12,11,10,10,9,7,8,9,7,3,6,11,10,14,12,7,9,15,7,9,4,5,4,6,3,5,4,5,7,3,8,7,11,7,6,1,7,7,7,2,4,7,7,6,4,6,4,2,4,3,4,3,1,4,5,6,3,4,4,5,5,6,2,3,5,3,4,3,3,6,1,3,2,3,2,2,3,5,3,5,5,1,1,0,2,0,4,2,2,3,3,2,2,2,1,5,0,1,1,2,4,2,0,0,2,1,4,0,1,2,2,2,2,1,0,1,0,4,1,2,3,1,2,0,2,0,1,1,1,1,1,1,4,2,1,1,1,3,2,1,2,0,1,1,1,1,0,0,1,0,0,1
0.175000001E-1,200,25,25,29,29,26,22,31,35,15,26,19,21,20,25,22,23,18,26,22,18,12,24,21,15,19,26,17,16,18,17,23,19,14,17,10,15,14,11,13,12,14,14,14,11,4,12,11,6,20,8,14,14,5,7,13,12,7,5,14,14,8,9,11,7,8,9,8,5,9,5,4,9,5,5,11,2,4,10,7,5,5,2,8,3,8,4,5,7,5,9,5,9,7,2,4,4,4,6,8,3,0,3,4,7,0,2,4,0,2,4,2,5,4,5,4,3,3,2,2,4,0,3,4,1,3,2,2,3,3,1,1,3,3,3,2,3,4,3,0,0,0,0,1,1,0,1,0,3,1,1,1,2,2,2,1,3,2,1,1,1,2,0,1,1,1,3,3,4,2,1,1,1,1,2,1,0,0,0,1,1,3,1,0,2,1,1,5,0,1,0,1,1,1,0,1,1,0,2,0,0
0.175000001E-1,200,34,30,26,23,18,20,33,38,26,19,18,30,18,19,18,31,19,20,16,21,24,19,22,17,18,15,9,9,17,16,16,12,13,15,17,9,6,15,17,9,20,15,9,17,9,10,13,10,9,19,11,9,14,7,12,16,10,11,12,17,10,8,9,7,8,8,5,6,7,5,5,11,4,4,6,7,11,8,3,3,7,6,3,5,1,4,4,6,4,4,5,2,7,4,6,6,7,5,4,2,3,6,3,8,6,5,1,0,1,8,2,5,5,5,1,3,4,5,6,2,5,3,2,2,5,1,3,4,3,2,2,1,1,2,2,2,5,3,1,5,1,0,0,0,1,1,4,1,1,1,1,2,2,2,1,2,2,4,2,5,1,1,3,2,2,1,1,3,1,1,2,1,0,1,0,0,2,2,0,1,0,0,1,2,1,1,2,1,0,0,2,0,0,1,1,1,0,1,0,1
0.175000001E-1,200,24,33,22,34,30,29,26,24,21,33,17,27,17,28,22,20,23,22,17,23,18,17,18,14,14,18,16,19,19,15,11,17,16,18,13,15,17,18,15,11,12,8,20,10,10,10,15,12,12,5,9,7,11,13,16,8,7,8,6,8,8,9,7,6,7,14,13,10,8,6,4,7,7,6,8,12,10,4,7,6,8,5,3,5,8,5,7,7,4,3,3,7,5,11,3,3,2,5,2,2,5,1,2,3,4,2,2,3,2,5,3,5,0,4,3,2,2,3,4,1,3,4,4,1,2,2,3,4,1,2,4,1,2,1,0,1,3,4,1,1,1,3,1,0,2,3,4,3,2,1,3,0,3,1,1,0,2,2,2,0,2,1,0,0,0,2,0,1,0,1,3,2,1,3,0,2,3,2,1,3,4,1,3,0,0,2,0,0,1,0,1,1,0,0,0,0,0,3,0,2
0.175000001E-1,200,26,26,25,31,27,29,26,30,33,25,19,24,21,25,19,18,23,20,17,19,25,12,15,22,16,16,10,19,18,14,18,18,14,23,11,19,15,18,14,9,17,5,14,4,12,9,7,11,13,12,13,17,8,13,5,7,15,16,10,4,11,8,9,5,8,8,9,10,6,9,5,5,10,6,6,5,7,3,8,6,8,3,10,7,10,4,6,3,7,1,2,6,8,4,7,2,4,2,4,7,1,1,2,6,3,2,1,4,3,4,5,0,4,0,6,5,3,2,3,2,4,6,2,1,2,4,4,5,2,2,3,5,2,1,3,1,3,0,1,2,3,1,2,2,2,2,1,1,2,1,2,3,3,1,1,2,2,0,3,3,0,0,1,1,2,3,1,2,1,0,2,2,0,2,2,1,0,0,1,3,1,2,0,0,5,1,1,2,0,0,0,1,1,0,1,0,1,0,0,1
0.175000001E-1,200,32,29,21,30,22,28,27,33,19,24,22,18,27,22,15,22,14,26,27,25,20,16,26,16,23,18,17,15,16,16,13,22,13,13,13,9,9,10,6,16,21,12,15,16,18,10,10,14,10,10,6,19,21,14,10,10,4,4,14,7,8,9,7,8,9,7,7,6,4,13,7,8,2,6,10,3,7,7,7,11,10,5,4,5,7,2,5,2,2,1,2,6,8,1,2,3,4,3,2,5,2,2,6,7,3,3,1,5,2,4,7,2,1,4,3,1,1,3,4,1,3,4,4,3,4,3,1,5,5,1,6,3,2,0,0,2,2,1,3,3,1,2,2,2,3,0,3,3,0,0,2,1,4,0,3,2,3,1,1,2,1,0,2,3,1,1,2,0,1,0,2,1,2,0,2,3,3,0,0,0,1,1,2,0,1,1,0,0,1,1,1,2,1,2,1,2,0,0,0,1
0.175000001E-1,200,35,21,24,23,27,27,23,27,26,22,25,10,22,29,27,20,26,24,28,22,27,15,17,12,14,16,21,17,18,12,16,14,10,15,11,20,10,19,18,13,21,9,11,14,14,13,12,12,6,5,13,12,15,14,10,10,9,7,9,6,12,13,9,7,10,6,10,11,5,7,11,10,4,7,7,7,2,8,1,4,5,7,8,3,7,2,4,7,5,5,10,4,2,2,4,5,4,1,6,2,6,4,8,3,5,5,4,1,7,5,7,3,6,5,7,4,4,3,2,1,4,4,3,4,0,3,2,1,0,3,1,1,0,1,2,2,0,2,1,3,2,1,3,2,0,1,3,2,1,1,2,0,2,4,3,3,1,0,0,1,0,1,3,0,0,2,1,2,0,1,0,1,1,2,0,1,0,0,1,0,3,0,1,0,1,0,2,2,1,0,2,1,0,0,0,0,0,1,2,0
0.175000001E-1,200,43,36,32,26,25,18,29,23,28,32,21,20,23,24,11,31,16,25,14,22,14,20,22,19,25,14,21,20,11,23,22,21,18,12,11,18,15,5,8,11,6,10,15,14,15,17,9,8,8,5,14,8,10,7,6,7,9,8,10,11,5,9,6,12,11,5,6,6,7,5,12,13,7,6,3,4,9,7,4,6,6,6,8,4,5,7,9,5,3,3,5,6,9,9,2,3,3,5,3,7,4,5,4,4,4,3,3,4,1,1,3,6,1,2,5,2,5,3,2,3,5,2,3,4,2,4,2,5,2,2,1,2,5,3,2,1,1,0,2,3,2,1,1,0,0,1,2,1,2,0,3,1,1,3,1,1,1,3,2,3,1,3,2,0,1,2,0,0,1,1,1,2,1,2,1,1,1,0,0,0,0,3,1,0,0,2,2,1,0,1,1,0,1,1,1,0,0,0,1,0
0.175000001E-1,200,28,32,27,22,21,24,26,33,34,26,21,23,13,41,21,25,19,21,26,18,19,18,18,19,21,17,15,12,16,13,15,16,15,13,14,13,6,9,16,16,8,11,13,8,14,9,8,12,12,9,6,12,10,12,8,18,8,10,7,7,9,8,8,7,6,11,10,5,10,5,2,5,5,8,6,9,8,5,10,3,8,7,8,10,8,5,2,5,4,5,4,5,8,7,4,2,2,0,8,2,4,6,2,2,4,4,1,3,2,3,5,1,3,3,3,3,4,1,0,1,4,2,5,4,5,3,4,2,3,0,6,4,6,0,3,2,4,6,3,4,5,1,5,2,1,3,2,1,0,0,2,4,1,1,1,0,1,1,1,1,0,0,2,2,3,3,3,2,2,1,0,0,1,1,2,1,2,0,3,0,2,1,2,2,0,0,3,0,0,1,0,1,0,1,1,0,2,1,1,0
0.175000001E-1,200,27,38,29,25,21,25,29,30,25,28,19,16,22,29,17,21,18,23,19,24,21,12,16,16,25,21,17,14,17,9,17,10,10,16,21,14,15,8,19,13,13,9,13,12,10,9,8,16,11,12,15,7,7,15,8,10,9,13,13,7,7,12,9,11,14,10,12,9,6,5,6,8,3,6,7,3,7,2,5,9,5,0,6,2,8,4,7,6,4,3,4,4,5,6,8,4,5,8,3,3,5,3,4,4,9,5,4,3,5,6,1,3,3,3,3,5,5,4,3,4,3,2,2,4,3,3,4,3,2,2,3,2,1,1,4,3,6,0,0,3,1,1,1,1,1,1,0,0,0,1,1,0,0,1,1,1,3,1,0,1,2,1,2,1,0,1,1,0,4,1,2,2,2,0,0,1,1,0,0,0,1,3,2,1,1,0,0,0,0,1,0,0,0,1,2,0,0,2,0,0
0.175000001E-1,200,24,36,29,34,22,32,27,36,24,29,25,17,20,22,27,29,21,21,14,21,17,17,21,16,22,12,19,13,17,12,17,23,13,19,14,15,9,12,13,11,11,16,11,11,12,10,7,11,12,8,8,12,11,5,15,6,18,11,6,7,6,6,10,10,11,5,6,6,2,8,4,3,10,6,11,7,11,12,11,7,7,3,3,3,4,3,8,6,4,2,2,4,6,2,3,3,5,4,5,5,6,4,4,3,2,2,7,1,2,2,3,3,4,3,3,5,4,3,2,2,1,1,4,3,2,6,4,2,3,1,4,2,2,3,1,1,5,1,2,0,2,2,0,2,5,3,2,1,0,0,1,2,1,3,2,3,2,1,3,0,2,0,2,3,1,4,3,1,1,0,1,3,1,0,1,2,1,1,1,0,0,1,1,0,1,1,0,0,1,1,0,0,0,2,0,1,0,1,0,1
0.175000001E-1,200,22,28,32,23,28,19,23,34,31,19,26,19,18,22,17,21,21,23,22,16,16,25,20,19,26,10,18,22,21,26,15,11,15,23,17,13,17,14,14,23,14,10,16,9,13,11,9,10,15,11,19,7,11,7,9,10,12,10,9,6,7,7,9,10,8,7,12,7,11,4,4,3,4,9,6,7,9,7,7,6,5,10,4,5,5,6,5,5,4,2,6,6,0,4,3,3,2,6,0,4,3,5,2,8,3,3,5,3,3,3,3,2,4,3,4,1,2,4,4,5,6,3,4,2,3,5,3,3,3,5,1,1,1,2,3,3,1,1,1,0,2,2,4,0,1,0,3,0,3,1,2,0,0,1,1,0,1,0,0,3,0,2,2,2,1,0,0,1,0,1,2,1,1,1,3,1,1,0,2,0,1,0,2,0,0,1,0,0,1,1,0,0,0,0,3,1,2,0,2,0
0.175000001E-1,200,34,32,29,25,20,19,29,24,24,31,27,13,32,18,29,16,22,20,16,23,25,18,23,23,17,20,19,16,13,16,12,18,22,14,18,9,12,15,11,14,8,9,14,7,12,8,9,13,9,10,4,13,15,8,7,7,8,8,0,12,8,9,6,8,9,11,7,6,7,6,9,10,9,8,9,11,5,13,8,5,7,6,4,10,2,2,6,6,6,4,4,5,7,8,4,3,6,4,4,2,4,5,2,5,1,5,7,3,3,1,3,6,2,0,3,1,4,4,1,1,4,2,4,1,4,1,3,4,2,2,3,0,1,4,2,1,2,2,1,1,1,2,3,2,1,2,1,1,1,0,4,0,0,2,3,2,3,2,2,1,4,2,4,3,1,1,3,2,0,1,2,1,4,2,0,1,1,1,2,0,1,0,0,1,1,2,1,0,2,1,0,2,1,0,1,1,0,1,1,0
0.175000001E-1,200,24,22,26,24,17,34,19,27,18,24,21,24,26,17,17,24,26,23,27,19,31,23,16,21,15,19,11,12,25,13,15,11,15,13,17,14,10,12,10,10,18,14,9,12,13,15,13,15,11,11,17,8,14,8,16,8,10,12,5,17,9,7,8,7,7,6,5,4,6,8,8,8,10,4,5,6,9,7,8,5,7,9,6,9,3,5,5,6,11,7,7,8,4,3,3,3,8,3,6,1,6,4,3,5,2,5,6,0,5,4,1,7,2,2,3,0,3,1,5,2,2,2,2,6,0,2,2,1,4,4,3,1,3,5,2,5,0,4,4,0,4,3,1,0,3,5,2,0,0,2,0,2,1,2,0,0,2,1,1,2,0,1,2,1,2,1,3,2,0,1,2,1,1,0,1,0,2,0,1,1,2,2,0,1,1,2,0,0,0,0,1,0,0,1,1,1,1,1,0,0
0.175000001E-1,200,25,30,34,33,26,15,23,21,22,19,35,18,24,25,22,18,29,19,15,17,14,24,15,14,20,15,18,17,13,18,14,12,12,8,14,13,23,18,11,15,14,15,13,14,18,15,7,6,14,14,17,9,13,5,12,11,7,9,10,11,7,4,12,7,13,11,11,5,6,10,8,5,6,8,8,6,2,8,7,7,4,5,8,7,10,5,5,4,7,8,3,7,4,5,2,7,5,4,4,4,5,3,6,1,2,7,1,3,3,5,3,4,6,4,4,3,4,5,3,2,0,1,1,2,1,5,2,2,1,1,2,2,2,2,2,2,1,2,2,3,0,2,1,2,1,2,4,2,2,1,3,1,0,1,0,4,0,0,1,0,0,1,1,1,1,0,0,2,2,2,0,2,0,0,3,2,1,0,1,1,4,2,0,0,1,0,0,1,0,0,1,2,0,0,0,0,1,1,2,4
0.175000001E-1,200,19,26,27,24,19,30,25,32,26,17,21,17,23,14,29,21,18,23,20,19,19,18,23,14,21,13,18,14,16,21,18,13,8,16,17,22,20,20,11,21,15,9,8,16,10,16,10,14,14,5,9,13,13,14,11,8,5,12,7,9,12,4,12,7,6,8,7,6,8,5,5,7,2,9,14,3,6,6,8,6,5,5,2,6,7,11,4,3,3,7,4,4,5,7,6,9,5,6,6,6,2,3,4,1,5,6,2,4,5,1,7,0,2,3,2,3,1,4,3,4,5,3,1,4,3,4,4,5,3,4,1,2,4,1,0,0,2,4,2,0,4,4,0,1,2,3,0,3,2,3,4,4,1,0,1,1,0,1,2,1,2,0,1,1,1,1,1,0,0,2,0,0,1,2,1,0,1,1,2,1,1,1,0,2,1,2,1,0,1,2,1,0,0,1,1,0,1,0,3,1
0.175000001E-1,200,33,38,38,22,40,33,26,29,18,23,21,25,20,22,21,17,21,13,21,27,24,12,22,16,12,22,12,16,19,10,16,26,11,15,14,6,10,10,12,13,12,9,16,13,8,16,15,12,7,11,9,12,11,10,6,15,6,9,9,11,8,8,7,9,6,5,7,3,13,6,8,4,4,7,6,5,7,3,11,5,9,8,8,8,8,7,4,5,2,1,3,3,3,3,6,4,4,5,4,8,4,9,3,5,3,2,2,3,2,4,4,3,0,3,4,3,4,2,2,5,4,1,4,2,0,2,2,1,2,4,3,7,4,2,1,2,3,1,0,3,1,2,2,2,2,1,0,0,1,1,1,2,2,2,2,0,2,2,1,0,1,0,3,1,1,1,0,2,4,2,1,0,3,0,1,1,0,2,1,2,1,1,1,5,0,3,3,2,0,0,0,0,1,0,1,0,2,1,0,1
0.175000001E-1,200,25,31,40,26,35,27,20,16,24,26,21,16,21,23,19,17,16,24,22,24,19,17,12,13,14,17,12,18,15,22,22,10,19,10,13,17,12,13,10,19,14,10,15,19,13,10,5,11,13,17,9,10,9,11,10,14,15,10,6,11,10,10,12,7,9,12,9,10,7,8,9,12,9,5,9,9,4,4,5,6,4,4,9,3,6,9,6,3,6,4,5,3,4,7,7,1,6,8,3,4,3,5,0,3,3,1,3,4,2,2,5,0,1,4,5,3,4,4,2,3,3,2,2,2,2,5,1,1,3,2,3,3,2,2,3,2,1,3,4,3,0,1,4,1,1,3,2,2,2,1,3,2,1,1,2,1,1,1,1,2,1,1,0,0,0,0,4,0,1,1,0,1,3,0,0,0,2,0,1,3,1,2,1,1,1,0,1,2,0,0,1,0,2,2,0,0,0,1,1,1
0.175000001E-1,200,30,27,28,31,23,31,22,22,19,27,24,19,14,22,21,33,15,27,30,25,22,13,14,16,15,17,18,17,11,12,14,20,13,19,13,21,17,19,15,8,12,13,11,13,9,16,12,9,11,12,10,12,13,8,7,9,9,7,9,21,7,4,10,8,7,8,4,4,8,6,16,5,4,9,6,10,10,11,9,6,7,1,3,5,5,5,6,7,1,3,3,4,5,5,5,4,4,1,5,6,2,5,4,5,5,7,6,5,4,1,4,2,4,5,2,4,2,2,1,7,3,2,4,2,3,3,1,5,1,2,1,1,1,3,1,2,1,1,0,3,4,1,1,1,0,0,4,2,0,2,1,3,1,0,1,5,0,2,2,2,0,2,0,3,1,2,0,1,0,2,0,1,3,1,1,3,1,1,1,0,0,0,1,0,0,1,2,1,2,0,1,1,0,0,0,0,1,2,2,0
0.175000001E-1,200,33,34,29,37,26,26,25,24,20,27,23,30,24,18,21,17,21,25,18,24,21,17,18,13,21,23,20,18,11,15,12,14,16,15,15,11,16,16,19,12,11,12,11,10,14,15,11,8,7,15,6,8,7,9,11,11,13,11,12,11,4,10,6,10,8,11,6,8,9,15,5,8,8,5,5,5,3,7,3,5,4,4,0,8,9,1,4,4,4,4,3,2,8,6,6,5,4,1,2,4,5,4,5,3,0,5,3,2,3,8,5,3,7,1,1,3,3,5,3,3,3,5,1,1,2,3,1,2,2,7,2,2,1,2,1,1,1,1,3,2,1,2,1,0,1,3,3,0,2,0,5,0,2,1,2,0,0,1,4,2,1,0,4,1,2,4,0,1,1,1,1,2,1,0,0,1,2,0,1,0,0,2,1,4,3,1,2,2,0,0,0,1,0,2,2,0,0,0,0,0
0.175000001E-1,200,29,36,34,18,26,31,19,36,24,23,25,35,19,25,14,25,23,19,21,23,19,14,14,19,14,20,13,17,16,12,8,14,20,19,20,11,9,10,9,12,13,15,16,8,9,12,16,14,10,10,9,11,7,9,7,17,10,7,9,11,6,12,7,7,2,8,9,8,7,9,13,6,6,8,5,6,7,5,6,11,9,7,5,7,7,7,8,5,9,6,10,3,2,5,4,4,5,5,5,2,6,2,6,2,4,3,4,3,3,3,3,7,4,4,2,7,4,4,2,1,1,5,2,1,3,1,3,2,3,1,2,3,3,1,0,5,0,2,0,6,1,4,1,3,0,1,2,2,3,1,1,1,2,2,0,0,1,0,1,3,1,2,0,0,2,1,1,0,2,1,1,2,1,1,1,2,1,1,1,0,1,0,1,0,2,1,1,0,0,2,0,1,2,1,2,0,0,0,2,0
0.175000001E-1,200,30,35,27,27,22,29,35,21,30,23,22,20,27,18,28,11,24,16,19,26,18,20,13,7,13,19,18,15,17,22,14,13,11,13,16,22,14,12,15,13,13,9,12,12,5,9,12,11,15,12,7,16,8,10,14,12,4,5,4,12,14,9,10,9,7,6,11,4,4,3,18,6,7,6,16,8,12,3,6,8,5,2,5,5,8,6,4,5,5,6,5,5,8,1,6,7,5,5,4,4,1,4,4,4,2,4,3,4,4,4,5,5,7,3,3,3,4,1,1,4,5,4,4,0,6,5,2,4,2,0,4,1,1,3,1,4,3,3,0,2,2,2,2,1,0,0,2,0,2,1,3,2,1,0,1,1,3,3,2,1,0,0,2,1,1,0,1,2,1,0,3,0,0,0,1,1,3,0,1,1,1,0,0,0,1,2,1,0,3,0,0,0,1,3,0,0,1,1,0,0
0.175000001E-1,200,28,24,25,27,22,36,24,27,19,24,23,25,21,13,17,23,23,19,19,16,21,23,24,16,15,11,23,23,19,14,14,21,26,10,16,12,16,12,11,11,16,18,17,13,16,9,7,15,11,16,9,13,10,10,13,11,10,7,10,10,12,8,7,6,9,6,7,7,6,4,4,8,7,7,8,5,7,3,4,11,8,6,4,7,3,3,4,4,4,5,6,3,6,2,3,1,5,4,5,4,6,2,4,6,5,1,3,5,7,1,3,4,4,4,3,6,5,2,5,5,1,0,3,2,3,5,4,1,4,2,4,2,5,2,4,3,3,2,2,0,1,1,0,0,1,1,2,1,0,1,3,1,1,0,1,2,1,2,1,1,3,1,0,0,1,1,3,2,1,2,1,0,1,1,1,0,1,1,1,2,1,3,0,2,0,0,1,0,0,0,1,1,0,1,0,2,2,2,0,1
0.175000001E-1,200,30,23,32,21,16,29,22,27,24,28,22,25,22,25,31,22,35,24,22,18,17,17,17,18,16,17,11,14,17,15,15,17,19,25,18,16,22,17,13,11,12,13,9,4,13,12,11,7,11,11,12,10,16,10,13,8,12,8,9,6,10,8,7,8,4,2,4,9,9,3,7,7,6,10,4,5,6,9,4,7,8,3,5,6,9,7,9,5,4,5,6,6,3,9,5,3,5,1,5,5,6,5,6,1,3,5,5,2,4,0,5,4,1,2,2,3,4,6,3,3,1,3,3,3,3,2,5,2,0,1,3,0,2,3,0,1,2,2,3,1,2,2,2,1,0,1,1,2,2,1,2,3,1,3,2,1,1,2,2,2,2,1,1,1,1,2,0,0,1,1,3,1,0,0,2,0,2,1,0,0,2,1,2,2,3,0,0,0,0,1,0,5,0,0,0,0,1,0,0,1
0.175000001E-1,200,35,29,36,29,30,30,22,21,20,24,29,28,19,25,27,24,24,27,22,16,14,20,20,10,19,19,13,20,18,21,17,13,17,13,16,15,15,18,14,14,15,12,15,8,10,16,8,11,12,18,7,6,9,10,7,10,10,4,15,11,8,4,8,3,5,9,9,8,7,9,8,4,11,7,7,4,9,4,9,5,2,4,5,1,4,4,2,6,6,1,2,3,2,6,3,6,5,5,5,3,1,5,4,0,0,3,3,7,3,6,8,1,3,5,1,4,2,2,8,4,4,4,1,1,2,3,3,2,3,0,4,2,2,3,2,7,0,0,0,1,2,1,2,1,3,1,2,1,2,1,1,2,1,2,1,1,6,1,2,0,1,3,4,0,3,1,2,0,3,0,2,0,0,2,0,0,0,1,1,0,1,2,0,1,1,0,2,0,0,0,1,0,0,1,0,0,3,2,0,0
0.175000001E-1,200,38,28,28,44,32,26,26,21,30,28,24,18,29,18,22,22,17,16,23,16,21,16,15,18,16,20,11,18,11,17,21,14,20,14,13,11,21,15,12,11,12,16,10,9,11,9,11,9,19,10,10,11,6,8,7,9,9,4,10,8,9,5,10,8,10,11,8,7,5,9,7,12,6,8,6,7,4,3,9,4,4,6,7,5,3,11,7,5,6,4,3,4,3,6,2,5,2,5,4,4,2,4,4,3,4,3,3,3,3,0,6,3,5,3,4,3,2,3,2,2,0,4,4,2,3,3,3,2,1,3,2,3,1,2,2,8,2,0,3,3,5,3,2,0,3,1,1,0,1,0,0,4,0,0,1,1,4,2,2,0,1,4,2,0,0,1,1,3,2,0,0,2,1,0,0,0,0,0,2,1,0,1,0,0,2,0,1,0,1,1,2,1,3,0,1,1,0,1,0,1
0.175000001E-1,200,32,24,21,30,25,23,31,24,25,22,29,22,25,21,26,22,22,17,13,20,16,24,13,19,16,14,21,17,10,15,25,15,17,20,10,21,25,16,14,13,10,9,16,7,8,11,10,12,8,7,16,10,8,10,8,9,8,7,15,10,12,6,5,7,6,10,7,8,4,10,3,10,9,7,1,9,8,6,5,5,9,4,1,6,5,6,8,7,6,7,7,4,3,5,9,5,3,7,2,4,5,5,4,8,5,2,3,6,0,2,3,5,5,3,1,3,5,3,3,3,4,1,1,4,2,4,0,2,5,2,0,2,4,4,2,0,3,0,1,1,5,5,2,0,2,1,0,1,4,2,2,2,0,0,1,0,1,1,0,2,1,0,3,3,1,1,2,1,2,1,1,0,0,0,1,3,2,1,3,0,1,0,1,2,2,0,0,1,1,0,1,1,1,0,0,3,1,1,0,1
0.175000001E-1,200,37,34,23,26,23,30,29,21,21,17,20,27,21,22,25,17,14,20,19,18,20,19,18,17,18,17,14,23,15,16,10,16,13,16,10,15,19,18,17,11,11,15,16,9,12,18,14,6,6,11,9,10,13,8,11,14,12,14,11,8,11,12,7,13,8,10,3,9,4,4,5,6,9,4,8,8,2,8,6,8,7,8,6,7,6,7,6,7,5,2,7,4,7,2,3,3,6,2,1,5,5,5,4,7,2,4,3,4,3,3,4,2,4,4,3,3,2,4,3,0,4,2,1,2,3,0,2,3,3,3,2,2,2,3,4,2,4,3,4,2,2,2,0,2,2,4,1,1,1,0,0,3,2,1,5,4,1,0,2,2,1,0,0,0,3,0,2,1,2,4,0,1,1,0,1,1,2,0,0,1,2,2,1,3,0,1,1,0,0,0,0,0,0,1,0,1,4,1,1,0
0.175000001E-1,200,26,29,23,38,28,26,20,25,33,33,22,23,24,22,24,20,19,22,19,23,29,14,15,21,12,15,17,17,14,12,6,17,18,12,12,5,12,14,11,16,12,9,12,8,13,8,13,16,11,24,12,10,18,9,15,9,8,5,14,14,9,6,10,8,6,11,14,3,5,3,6,3,8,8,7,5,7,7,3,5,10,4,2,2,7,4,4,1,7,2,8,6,3,4,5,4,7,4,4,2,7,5,2,2,3,2,4,3,4,4,4,4,4,3,3,2,4,4,4,1,3,3,2,6,5,1,0,4,3,1,2,6,4,1,2,5,1,1,2,1,4,0,2,6,6,1,2,1,3,1,0,0,2,0,1,0,2,2,1,1,0,0,1,1,1,4,2,3,0,1,0,1,0,1,1,3,1,1,1,0,1,1,1,0,0,2,1,1,1,0,1,0,1,2,1,0,2,0,1,0
0.175000001E-1,200,31,30,31,35,19,25,30,25,23,26,22,27,17,26,28,17,24,21,20,17,19,14,23,18,14,11,18,17,14,21,10,16,14,11,7,22,17,15,12,18,15,14,13,14,11,9,6,13,10,14,10,13,6,8,5,14,10,11,11,11,5,7,15,8,12,4,5,2,10,7,8,6,9,7,6,10,6,7,8,10,7,6,6,4,3,4,11,2,5,5,6,2,1,4,6,5,2,5,3,6,4,1,5,3,4,2,7,3,3,2,2,2,4,3,3,5,2,2,2,7,5,6,2,0,3,3,1,0,2,2,2,4,4,4,1,1,4,2,1,5,3,3,1,3,0,1,2,2,1,2,2,3,1,2,1,1,2,2,1,0,3,1,1,2,1,1,2,0,0,0,2,2,1,1,0,2,1,1,2,0,0,1,0,2,0,1,2,1,1,1,1,0,1,0,2,0,0,1,1,1
0.175000001E-1,200,35,32,29,16,25,26,26,29,23,18,25,21,20,28,18,15,17,29,15,24,30,28,20,19,19,17,6,14,18,15,11,15,22,11,15,14,14,15,15,16,13,15,8,13,17,11,8,16,6,6,11,8,11,9,13,9,14,10,10,7,4,19,8,7,7,5,5,4,5,7,2,9,4,14,6,4,6,5,5,9,5,10,7,7,4,6,5,4,5,6,3,7,2,9,8,5,4,6,4,4,9,5,6,1,4,5,4,1,2,2,7,3,3,4,2,3,4,2,5,4,1,2,3,1,4,0,1,2,4,4,3,2,3,1,0,3,3,0,2,0,4,2,3,2,4,2,0,2,2,1,0,0,3,0,0,2,0,2,1,1,0,1,1,1,3,1,2,2,2,1,0,0,0,1,1,1,3,2,2,0,0,0,0,1,1,1,1,0,2,0,0,0,0,1,0,2,3,1,2,0
0.175000001E-1,200,34,26,32,29,30,26,25,26,30,26,28,21,26,25,21,21,20,21,25,24,22,17,23,16,17,18,11,20,18,15,17,16,13,10,19,14,16,13,10,15,11,15,9,9,11,10,10,10,14,8,15,14,12,10,7,7,9,7,8,6,5,9,7,5,8,5,9,8,6,9,12,11,5,6,9,3,2,6,3,2,3,6,6,4,7,7,4,3,2,4,9,4,7,5,5,3,2,5,5,2,2,4,6,5,5,3,5,2,2,2,9,2,5,5,4,5,3,4,1,1,0,0,3,5,0,4,2,0,0,1,3,4,3,1,1,3,4,7,2,1,0,4,1,2,0,1,0,1,5,4,1,3,7,3,2,2,0,0,2,1,0,0,3,2,4,1,0,1,2,2,0,0,1,0,0,1,2,0,3,1,1,1,1,0,1,0,1,2,1,1,3,1,0,0,2,1,0,0,0,0
0.175000001E-1,200,29,28,38,32,35,28,25,31,27,28,23,16,22,27,22,21,18,18,21,24,26,14,18,23,23,15,20,17,14,25,17,22,14,13,11,16,8,15,12,17,14,15,9,15,7,9,6,9,14,10,7,9,7,10,13,9,8,6,2,7,8,2,10,12,2,5,9,11,8,10,7,12,5,7,11,6,5,4,6,5,5,5,7,6,6,5,5,1,4,3,5,3,1,1,2,7,7,6,1,4,3,6,7,7,6,2,3,8,2,4,4,4,1,1,6,5,5,3,1,4,4,2,3,3,1,1,0,1,0,0,3,5,1,0,2,1,3,1,3,2,2,1,1,1,0,0,2,0,0,1,3,3,1,3,2,4,1,1,0,3,1,1,1,1,0,2,3,0,0,1,1,1,1,0,0,0,0,0,0,3,1,0,1,3,0,2,0,0,0,1,3,1,1,1,1,1,1,1,1,2
0.175000001E-1,200,28,28,22,28,22,20,22,24,29,22,27,24,25,29,25,14,24,22,23,19,18,19,19,13,21,19,15,14,16,18,18,15,12,11,16,14,14,16,10,15,13,18,13,21,16,12,9,9,12,8,12,7,12,15,7,12,12,12,6,11,4,9,12,8,5,8,9,8,7,11,10,5,12,5,4,10,8,5,1,7,5,10,7,4,2,5,6,4,6,7,2,3,3,6,2,4,3,2,4,4,5,4,1,2,1,7,3,6,1,4,3,1,3,4,2,5,3,1,5,7,2,1,6,2,3,4,3,0,5,2,6,3,2,4,1,5,3,2,2,1,1,0,0,4,2,0,6,1,3,0,2,1,1,0,2,1,0,1,1,0,0,4,1,2,1,2,0,1,2,3,0,2,1,0,0,1,2,0,0,0,1,1,0,2,0,0,0,0,0,3,1,1,2,0,1,0,0,0,0,1
0.175000001E-1,200,27,20,35,25,32,23,21,20,21,23,23,17,21,21,17,26,24,24,10,23,21,19,18,26,17,13,21,22,19,13,13,14,22,11,9,13,13,21,16,5,14,9,13,13,10,11,13,13,14,16,8,8,10,11,10,12,8,10,8,7,20,6,9,9,9,9,7,10,7,13,3,4,6,8,7,6,6,11,4,7,4,5,4,3,7,11,7,4,6,9,4,7,6,8,3,4,6,5,3,5,0,4,2,3,5,4,4,2,6,3,8,3,3,5,1,4,2,6,2,4,6,1,6,2,3,4,0,5,3,3,3,2,2,1,6,0,8,1,3,3,2,1,2,2,0,2,0,2,2,2,1,1,3,0,2,1,1,0,1,2,1,0,0,0,0,1,0,1,2,0,1,0,2,0,0,1,1,1,0,0,1,1,1,0,0,0,0,0,0,0,1,0,3,0,3,1,1,0,0,1
0.175000001E-1,200,33,26,32,36,23,24,34,17,31,26,23,23,30,27,25,21,15,27,20,13,25,8,16,17,25,12,18,12,16,16,20,21,19,15,15,19,17,13,8,12,14,13,9,10,16,9,12,12,6,12,11,6,10,10,11,12,11,9,8,8,6,13,12,4,6,6,6,4,9,4,7,7,6,5,8,7,4,3,5,2,7,9,4,4,6,4,5,4,6,5,2,1,6,4,6,6,3,4,3,7,6,3,4,2,4,3,8,5,6,5,6,3,0,1,4,1,3,3,5,2,4,1,2,2,2,1,3,5,1,3,2,3,1,1,4,0,1,2,3,2,3,3,1,2,2,3,1,1,0,3,2,1,1,2,1,1,1,0,1,0,1,0,0,4,2,1,3,3,1,1,0,3,1,0,2,1,2,1,0,1,0,0,0,2,0,0,2,0,2,1,0,0,0,1,1,3,2,2,1,1
0.175000001E-1,200,30,23,31,27,24,24,22,29,23,33,26,25,17,26,23,10,23,22,21,23,15,21,21,15,13,14,25,19,16,28,13,20,18,16,6,12,17,16,9,15,13,9,22,13,20,12,7,8,13,13,17,8,12,10,8,7,9,5,9,8,10,17,10,6,10,8,7,7,9,9,7,4,5,5,3,9,9,4,5,4,6,6,4,5,5,3,7,7,7,3,7,3,1,1,3,4,7,4,3,2,4,4,2,5,2,1,3,5,8,7,1,3,1,6,0,2,1,3,4,3,0,2,2,7,0,1,1,4,2,2,3,2,3,3,2,4,1,1,1,1,1,1,1,1,4,1,2,2,2,1,1,2,2,2,3,3,0,0,3,3,2,0,3,3,0,1,0,1,2,6,0,2,2,1,1,1,3,0,0,1,0,0,1,1,2,1,3,1,0,0,1,0,1,0,0,0,2,0,0,1
0.175000001E-1,200,32,35,39,26,24,26,25,30,24,32,21,21,13,15,22,22,15,23,19,20,12,16,16,14,17,16,15,20,14,14,19,11,12,13,27,27,10,9,6,15,14,14,14,17,15,10,13,14,10,7,10,7,15,9,15,11,5,13,8,10,6,9,7,7,9,7,4,10,4,6,8,5,7,11,10,2,9,9,5,8,8,8,7,6,2,6,5,5,3,5,1,2,5,3,5,6,8,6,2,4,4,3,2,2,4,2,1,7,2,2,3,5,4,3,4,6,5,3,2,2,5,5,0,0,2,5,3,1,5,3,3,0,3,1,2,2,2,3,2,1,2,4,1,1,2,3,0,0,1,2,1,2,0,1,0,6,3,0,2,1,1,1,0,1,2,2,0,2,2,2,2,0,0,0,0,3,0,4,0,2,0,1,1,3,1,1,0,0,0,0,2,0,1,1,1,0,1,0,1,1
0.175000001E-1,200,31,35,35,29,33,26,18,28,21,22,26,23,23,15,15,16,13,21,22,17,19,20,16,18,19,17,15,18,20,12,14,19,14,16,13,11,21,13,17,11,13,10,16,10,17,14,9,9,8,10,6,12,17,13,8,9,8,10,9,14,13,9,9,7,13,9,7,9,3,6,7,7,8,5,5,10,5,6,8,8,8,6,9,8,6,8,6,5,6,5,3,3,7,7,4,5,2,4,1,7,5,4,4,5,5,5,4,2,2,3,0,9,6,1,3,1,1,4,3,1,3,1,4,3,1,1,2,2,4,4,1,3,2,1,1,4,4,1,2,1,2,3,1,0,2,4,2,3,2,2,1,1,1,2,3,0,1,2,2,3,1,2,0,1,0,0,1,0,1,1,1,1,2,0,1,0,0,2,2,0,1,0,0,1,0,2,0,0,0,1,1,0,0,0,0,0,0,1,0,1
0.175000001E-1,200,26,24,24,19,24,28,36,29,19,30,19,21,20,17,35,23,31,17,17,16,22,16,16,19,19,11,14,11,20,14,14,13,21,11,20,14,14,10,15,13,16,13,14,20,14,12,11,11,10,10,12,12,6,6,10,15,11,8,11,10,11,10,11,5,8,8,4,7,9,7,3,7,5,1,5,5,8,7,6,7,5,8,8,5,9,7,7,2,7,3,4,5,5,4,11,6,4,7,4,3,6,4,2,9,7,4,5,2,8,0,4,3,1,5,5,6,4,1,2,2,3,0,2,3,2,5,3,1,3,5,1,5,0,2,2,2,2,2,5,2,2,2,2,1,3,4,1,1,1,2,2,0,1,3,5,3,1,1,1,0,1,3,1,0,1,1,1,0,1,1,1,3,0,0,2,1,0,0,1,2,1,2,0,1,0,1,0,1,1,0,0,0,0,1,1,0,0,0,0,0
0.175000001E-1,200,28,21,26,24,29,30,32,17,30,19,26,24,16,18,15,17,25,23,16,19,15,27,17,15,11,14,22,9,25,21,16,14,13,8,23,17,13,14,15,16,27,12,16,15,11,10,16,11,14,10,11,10,10,11,6,9,6,11,7,9,14,5,3,12,7,5,8,12,9,9,8,8,6,7,5,6,9,10,7,5,12,9,8,7,5,8,3,7,8,5,6,6,1,5,4,2,2,4,2,3,3,4,2,6,4,2,6,3,4,3,2,4,5,3,3,3,1,1,7,4,2,4,1,3,2,1,1,1,5,2,0,3,4,4,3,3,1,2,1,1,1,4,2,1,1,2,2,1,0,1,2,0,1,1,2,2,2,3,0,0,1,0,0,0,1,1,2,1,3,1,1,0,0,2,1,0,0,1,1,1,2,1,1,1,1,3,0,0,0,1,0,0,1,0,2,0,1,3,0,0
0.175000001E-1,200,30,19,38,26,36,24,26,31,17,26,24,30,22,16,18,26,9,14,25,14,13,19,18,21,12,19,13,16,21,14,21,14,15,10,16,20,13,15,14,13,15,17,11,12,15,11,13,11,9,12,14,8,6,15,9,12,12,8,11,9,7,10,8,10,10,10,5,10,6,5,10,7,3,6,5,8,8,8,6,5,5,5,7,5,7,6,5,3,10,5,4,3,2,6,3,3,6,5,5,0,5,9,3,2,5,7,2,3,2,4,2,2,2,3,4,3,6,6,2,2,2,5,5,4,2,2,1,1,0,2,2,2,0,0,2,3,3,1,3,2,3,1,3,4,5,1,1,0,1,2,3,1,1,0,0,0,2,2,0,1,2,4,1,2,1,2,0,0,0,0,1,1,2,0,2,0,1,2,0,2,1,0,0,1,2,2,3,1,0,2,1,1,4,0,0,0,1,0,0,0
0.175000001E-1,200,35,17,35,30,22,29,27,24,23,21,19,24,17,33,23,23,21,22,22,23,20,15,18,15,6,15,25,19,12,15,24,14,15,13,13,23,13,15,13,17,11,13,14,12,10,24,6,7,9,16,12,9,7,11,8,6,8,7,10,4,10,16,8,12,10,5,6,8,7,7,6,6,7,10,8,8,3,7,5,5,7,3,4,8,9,5,6,6,3,5,3,3,6,4,5,5,5,3,3,5,4,2,1,2,5,1,4,5,6,2,3,2,5,4,5,3,3,4,5,5,3,3,6,3,1,1,2,5,0,0,3,3,2,4,1,1,0,2,2,1,5,1,4,2,3,1,2,2,1,1,3,2,3,1,2,4,2,1,3,0,3,0,0,4,3,2,0,2,1,0,1,2,0,3,2,0,1,1,0,0,1,0,0,0,1,3,0,0,0,1,1,0,2,0,0,0,1,0,1,1
0.175000001E-1,200,29,27,30,27,24,29,20,20,18,29,27,26,21,32,21,27,20,24,27,15,15,21,14,18,16,26,19,10,15,17,16,21,10,19,16,14,13,19,14,10,11,9,10,8,15,13,9,13,10,5,13,16,6,12,7,10,7,7,10,11,11,12,13,7,15,9,5,8,8,3,8,9,7,10,7,5,8,6,2,4,4,4,5,4,7,4,4,3,5,4,4,6,4,3,2,4,3,2,9,5,2,5,5,6,4,3,2,3,4,2,3,6,1,1,6,1,4,1,1,7,4,2,3,2,5,2,1,0,2,2,3,1,4,1,3,4,2,0,3,3,2,3,3,2,0,1,1,3,1,0,3,4,2,1,1,0,1,1,1,0,0,2,0,0,3,1,1,2,2,1,0,0,1,1,4,1,1,1,1,2,1,2,2,0,1,2,2,1,3,2,1,1,3,0,1,2,0,1,0,0
0.175000001E-1,200,29,25,32,23,22,27,24,20,19,21,21,15,19,29,24,17,30,13,18,22,21,22,15,21,21,15,17,10,16,15,12,12,18,21,21,20,21,19,14,11,13,8,16,9,16,9,8,6,11,8,16,8,17,8,10,6,10,10,11,8,11,8,9,7,4,7,5,10,11,4,8,9,4,5,7,11,10,2,7,7,11,6,3,7,5,8,8,5,2,5,9,4,7,7,6,2,6,5,5,3,2,5,2,4,6,3,5,2,5,5,1,4,3,1,6,4,4,2,1,3,1,5,3,5,2,3,5,5,3,0,2,1,0,2,2,2,3,1,4,1,0,4,3,4,2,2,0,4,1,2,3,1,2,4,1,0,1,4,0,3,0,1,1,3,0,2,0,1,4,1,3,2,0,0,0,1,0,0,3,1,0,0,0,0,0,1,1,3,0,0,0,1,1,0,0,0,0,1,2,1
0.175000001E-1,200,28,26,23,38,24,18,19,18,28,27,29,23,23,30,20,24,15,21,22,20,21,11,11,16,21,19,16,15,21,20,15,17,18,18,12,9,15,10,17,11,15,9,9,12,12,9,15,7,8,9,14,15,13,14,9,11,15,13,6,15,11,10,6,10,10,7,5,7,11,13,8,6,9,8,4,10,7,7,10,5,8,7,5,7,12,3,7,2,1,9,1,2,6,7,6,3,2,2,2,2,1,4,2,7,2,3,3,2,4,6,2,5,4,2,5,1,3,2,2,4,3,3,3,2,2,4,3,0,3,1,4,3,2,2,0,1,3,5,0,0,0,1,0,2,4,3,0,1,3,3,3,1,2,1,2,1,4,4,1,0,0,1,2,1,1,0,2,0,0,3,0,0,0,0,2,1,1,0,0,0,1,0,0,1,0,1,1,1,1,1,3,0,0,1,0,2,1,2,0,1
0.175000001E-1,200,35,20,33,37,22,23,39,22,26,22,34,22,22,15,15,19,13,17,28,19,22,17,19,18,18,25,17,11,18,18,12,23,5,14,18,15,12,14,8,18,15,16,10,9,10,9,7,10,10,12,10,6,10,6,9,13,7,11,9,10,13,8,8,11,3,6,7,9,6,11,10,8,6,8,6,7,6,9,5,5,5,5,6,8,4,3,4,8,7,5,5,5,9,2,6,5,6,4,8,3,3,6,5,2,1,10,5,10,3,1,0,0,4,2,2,7,2,4,2,2,3,3,3,3,2,3,5,2,2,4,2,5,3,2,3,1,2,1,2,2,1,1,1,1,3,1,4,0,1,2,3,1,2,1,0,0,2,2,1,2,1,0,1,1,0,1,4,1,1,2,0,1,1,1,0,0,2,0,1,0,1,2,2,1,0,1,2,0,2,1,0,3,2,1,0,0,1,0,0,0
0.175000001E-1,200,30,34,25,25,20,35,22,36,31,23,21,33,24,26,24,18,29,27,18,23,15,18,17,16,17,23,20,15,19,14,15,18,14,10,9,21,15,13,10,12,13,15,12,10,12,7,5,7,9,12,15,6,10,5,9,10,8,7,14,14,15,6,10,9,4,0,9,8,5,3,9,6,9,8,9,6,6,5,6,4,6,6,6,7,1,9,6,5,7,3,4,8,4,2,4,6,5,4,2,2,3,4,2,4,2,3,4,3,2,3,4,3,6,0,1,1,2,3,1,6,1,4,2,4,3,5,2,5,3,3,5,3,4,1,2,1,2,3,0,1,2,3,1,2,4,2,0,2,1,2,0,2,0,0,2,2,3,2,2,0,1,1,0,2,3,1,2,2,1,1,1,1,0,3,0,1,2,1,1,0,2,0,4,0,0,0,2,0,0,0,2,2,1,0,1,2,3,1,1,0
0.175000001E-1,200,32,33,21,25,24,27,26,22,26,26,20,24,28,23,20,18,22,17,22,19,22,16,23,12,27,8,18,11,20,8,15,17,18,13,19,14,13,14,14,11,12,10,9,12,14,12,13,8,11,10,6,10,17,13,7,12,8,6,7,12,10,8,9,6,10,6,9,7,11,11,10,2,3,6,6,7,7,2,8,6,9,8,2,4,4,3,9,8,6,4,1,6,5,5,7,5,2,7,7,4,3,3,6,5,3,7,2,4,8,4,5,3,1,4,3,5,3,4,9,4,7,0,2,5,2,4,6,1,0,4,3,2,0,2,2,1,0,3,2,1,3,1,4,6,1,2,1,1,2,2,3,0,2,1,2,0,1,2,2,1,1,1,1,0,1,1,1,2,2,1,3,0,1,4,0,2,0,1,0,0,0,0,0,0,0,0,1,2,0,0,1,3,1,1,1,1,2,1,0,1
0.175000001E-1,200,28,24,35,23,24,22,33,17,24,28,24,33,27,25,21,15,13,19,17,27,14,16,20,19,23,13,15,25,17,14,19,12,9,9,8,18,18,12,14,11,12,11,25,18,10,13,11,11,13,10,18,10,9,12,10,10,8,12,9,11,10,4,6,10,5,8,6,7,7,8,7,5,7,5,1,6,3,2,4,9,6,10,7,4,6,3,11,3,6,2,6,6,8,9,7,2,6,2,8,6,5,6,8,4,7,4,2,2,2,4,2,3,3,2,3,5,3,4,2,3,6,2,3,4,2,5,4,0,1,0,7,2,6,2,0,3,2,1,0,2,1,1,3,3,2,0,1,0,1,0,2,4,2,1,1,2,2,0,2,1,0,1,2,1,2,2,0,0,0,2,1,1,2,1,0,2,2,2,0,3,0,3,1,0,1,0,1,0,1,1,0,1,0,0,1,0,2,0,1,1
0.175000001E-1,200,26,19,25,33,29,29,29,28,26,18,28,27,18,20,25,19,24,13,26,20,10,26,22,24,15,23,14,11,14,10,12,12,15,15,18,17,15,16,14,13,13,10,10,8,16,16,15,7,19,14,3,13,8,9,9,8,9,8,3,12,12,10,12,8,7,6,12,15,6,8,7,7,10,6,7,5,5,7,6,4,2,6,5,5,8,6,8,5,6,6,2,0,7,4,4,3,8,5,4,4,4,2,1,13,10,3,4,1,5,3,5,3,4,5,3,3,3,2,0,2,3,4,3,3,2,1,2,2,2,1,2,2,5,0,0,1,4,3,3,4,3,2,1,1,1,4,4,3,2,4,0,2,1,0,1,2,1,0,2,0,2,2,0,0,0,1,0,1,2,2,2,0,0,0,1,0,3,1,1,2,0,0,1,0,4,1,0,3,0,1,0,2,0,0,0,0,1,1,0,0
0.175000001E-1,200,20,27,36,36,28,19,24,13,22,22,16,28,21,22,23,20,16,26,27,18,19,21,16,18,17,26,17,15,16,15,8,24,14,18,15,14,17,6,19,17,14,14,11,18,11,22,11,13,13,11,14,10,12,7,7,3,11,7,7,9,7,14,11,10,10,4,4,13,7,8,7,11,7,4,6,2,2,10,6,2,4,4,9,6,6,6,6,4,3,9,3,6,4,5,2,6,3,2,10,2,8,2,4,5,9,2,2,3,3,1,3,3,2,5,0,1,4,1,3,4,0,2,5,3,2,1,0,1,2,3,2,3,2,1,4,4,3,4,2,4,2,2,1,3,1,1,2,1,2,0,1,1,2,1,0,1,1,2,4,1,2,0,1,1,1,1,1,0,4,1,1,4,0,1,2,0,0,3,0,1,4,1,1,2,2,0,0,1,0,2,2,1,2,0,1,0,1,0,0,0
0.175000001E-1,200,30,24,36,26,41,25,18,20,28,28,13,17,22,16,29,16,14,22,21,12,24,23,16,20,18,24,14,19,18,20,7,20,15,11,17,15,18,18,12,13,6,9,16,11,10,9,9,7,11,14,6,12,12,14,13,6,8,7,14,11,8,9,15,9,7,9,3,12,6,6,8,8,6,10,10,6,4,5,7,7,8,8,5,6,8,6,8,7,4,9,2,5,5,2,5,5,6,7,2,8,3,2,6,3,3,4,9,1,2,3,1,2,2,3,3,4,5,2,3,6,3,1,2,1,3,2,3,1,0,4,2,3,1,1,1,1,3,2,3,3,2,5,1,2,2,4,1,3,2,0,3,1,2,0,1,2,1,0,2,1,1,0,1,0,3,1,1,1,1,1,2,1,2,0,0,0,0,1,0,0,2,0,2,1,0,1,2,1,0,0,1,2,0,0,1,2,0,1,1,0
0.175000001E-1,200,32,31,29,29,23,26,17,18,20,26,27,23,26,26,18,23,18,30,20,19,18,20,19,17,10,18,21,20,13,18,14,13,14,23,17,11,12,10,12,18,9,13,16,10,18,13,9,12,9,12,9,14,12,9,11,10,13,6,11,6,8,9,8,6,12,7,1,9,8,6,5,9,5,13,7,9,8,4,6,6,6,2,5,13,4,6,6,3,6,5,7,2,3,2,4,7,5,4,4,4,6,4,4,7,5,1,4,2,3,2,5,1,3,4,2,4,5,2,4,2,4,4,1,2,0,4,1,3,3,1,0,1,1,5,1,6,2,2,2,2,1,1,2,2,1,0,2,4,3,2,2,4,0,1,0,2,4,1,1,1,0,2,1,3,1,1,2,2,1,1,1,0,2,2,0,0,0,2,2,1,2,0,1,1,1,0,2,3,0,0,1,1,0,0,0,0,2,0,1,0
0.175000001E-1,200,17,31,31,25,28,22,26,22,30,18,27,22,24,25,23,12,25,21,33,22,21,16,17,13,13,18,19,14,15,10,15,15,20,14,19,17,18,24,19,11,14,14,16,18,15,14,8,7,8,9,11,9,4,9,13,15,12,10,7,8,9,8,14,6,10,6,6,8,7,3,7,7,3,13,12,9,8,2,4,7,8,6,7,4,3,5,1,4,2,6,4,6,7,0,4,3,6,4,9,3,1,6,2,6,4,8,1,3,8,2,3,2,1,7,4,1,1,4,3,3,2,1,2,2,1,1,2,6,3,1,2,0,0,4,3,2,2,0,1,1,4,2,1,2,3,0,2,0,1,1,3,2,1,0,1,0,0,2,0,0,3,1,1,0,3,0,0,1,1,1,3,2,2,0,1,1,2,0,1,1,1,0,2,0,0,0,2,0,2,0,0,0,0,0,1,0,1,1,1,0
0.175000001E-1,200,21,22,29,28,28,22,21,30,26,23,20,24,21,31,19,23,20,28,13,17,21,15,18,14,11,18,18,18,20,14,16,17,7,25,19,14,13,15,6,16,16,21,16,10,12,16,18,7,10,18,8,6,9,12,17,8,7,8,8,10,11,5,9,7,10,10,5,10,9,3,9,7,7,8,7,11,8,6,12,10,9,4,7,4,3,3,4,5,9,7,4,2,5,1,4,5,6,4,4,5,4,1,1,7,3,7,1,5,4,1,7,2,2,3,6,3,3,2,2,5,2,5,3,3,1,2,1,0,1,0,3,3,2,0,1,2,2,0,5,1,2,0,2,3,3,0,0,2,0,5,2,0,3,1,4,5,0,3,2,1,1,2,0,0,4,0,1,1,2,2,1,0,2,2,0,1,0,0,0,2,1,1,1,0,2,2,0,0,0,1,0,0,0,0,0,0,0,1,1,0
0.175000001E-1,200,29,25,34,29,21,31,28,21,17,19,22,23,24,30,20,19,28,24,27,17,11,19,24,15,22,14,16,17,14,23,15,17,9,7,20,11,16,12,15,13,14,14,14,15,13,15,11,10,6,13,9,8,13,8,10,5,10,7,6,9,7,10,7,4,8,7,12,6,7,5,5,4,8,6,2,7,4,10,4,5,11,10,11,8,7,6,6,5,3,3,5,4,9,6,5,4,4,3,6,3,10,6,3,5,3,4,2,7,1,5,7,2,2,5,1,3,1,6,1,4,1,2,5,5,4,2,3,2,0,1,1,1,3,4,1,0,2,1,2,3,0,4,2,3,1,3,1,3,2,2,2,1,2,1,2,2,1,2,2,1,0,2,2,1,0,1,0,0,1,1,3,1,1,1,2,2,0,0,1,3,2,1,2,0,1,0,1,0,0,1,0,2,0,0,0,1,0,0,2,1
0.175000001E-1,200,23,31,28,31,30,29,23,24,18,26,16,30,17,20,23,17,26,19,20,24,16,17,14,19,15,24,16,18,27,17,12,17,19,20,10,16,8,10,9,18,12,12,10,13,9,13,16,9,13,10,7,20,11,11,14,6,11,12,8,11,8,6,8,12,6,8,10,6,6,7,6,4,6,8,5,3,4,10,3,10,5,5,4,8,10,5,5,12,2,5,5,3,3,5,8,5,6,2,3,3,5,1,4,4,4,1,3,3,3,2,3,4,7,3,5,2,6,2,1,3,4,4,2,4,5,0,5,3,1,0,2,3,4,5,3,2,3,1,1,2,3,2,1,3,2,0,3,1,1,3,3,2,5,2,2,2,2,2,0,2,0,1,2,0,0,1,0,0,1,1,0,2,1,2,1,0,0,2,1,2,1,0,1,1,0,0,1,0,0,0,2,0,1,2,1,1,1,0,1,1
0.175000001E-1,200,34,31,29,31,25,22,26,25,25,22,22,23,21,22,20,33,23,20,19,17,21,21,11,17,23,12,17,12,17,14,21,18,15,20,15,13,23,13,14,12,12,19,9,8,10,14,15,9,14,14,11,9,6,8,9,10,13,9,9,8,13,7,10,7,8,6,7,9,6,7,8,2,7,9,8,9,4,4,2,6,6,4,6,6,3,6,5,9,7,3,9,4,7,3,8,3,5,3,6,5,4,1,1,6,7,5,5,2,2,2,2,1,1,2,3,3,4,4,4,1,2,0,1,3,0,3,3,2,0,3,1,1,1,2,1,3,1,0,1,1,8,1,0,1,2,2,6,1,1,1,0,1,2,1,2,1,1,0,2,3,1,0,2,0,2,2,1,3,2,1,3,3,1,0,2,1,0,3,1,0,2,0,0,1,0,3,0,0,0,0,0,1,0,0,0,3,1,1,1,1
0.175000001E-1,200,27,22,30,29,18,27,18,18,16,23,29,35,23,26,17,13,22,25,23,25,17,18,19,18,9,20,13,23,17,18,11,21,20,15,13,21,7,17,21,15,14,13,14,16,12,13,17,15,15,8,21,8,13,10,5,2,9,8,11,10,6,16,5,11,5,12,2,5,13,4,7,5,3,4,4,7,5,3,5,7,3,8,5,4,3,9,4,3,3,6,3,6,1,7,7,7,1,6,6,1,7,7,6,9,1,0,3,3,1,4,4,2,4,3,2,5,3,2,0,2,3,4,3,3,2,3,5,3,3,2,4,2,6,3,0,4,1,5,3,1,1,1,4,2,2,2,0,2,0,1,3,1,3,2,1,2,0,1,4,1,3,0,0,0,2,0,0,2,1,1,0,1,2,1,0,2,1,1,0,1,1,0,0,1,2,1,1,2,0,1,1,0,2,1,0,1,1,0,0,1
0.175000001E-1,200,27,30,25,26,31,24,33,33,27,22,27,24,25,28,28,20,19,17,20,21,16,17,14,17,12,21,16,15,18,11,16,12,24,7,14,12,5,10,21,8,16,18,11,16,13,12,7,12,11,13,12,8,11,14,9,7,8,8,10,4,14,10,10,9,8,6,6,5,7,5,6,5,6,7,8,13,4,11,8,4,6,3,3,7,5,5,1,6,3,6,7,5,8,3,7,3,4,6,4,4,1,4,2,3,3,2,6,4,2,3,6,0,5,3,4,4,3,3,5,9,3,1,2,4,3,1,5,4,0,2,1,3,2,1,3,1,1,2,3,1,2,0,2,1,2,1,1,2,2,3,1,4,1,0,1,1,1,0,1,0,0,3,1,2,3,0,0,2,1,0,1,1,3,1,2,2,1,0,0,0,1,1,0,5,0,2,0,2,2,0,0,1,4,2,1,1,1,0,1,1
0.175000001E-1,200,29,37,29,32,26,23,26,31,19,27,18,21,30,29,16,21,15,16,27,15,16,21,23,15,17,11,13,14,17,18,17,16,20,11,13,13,18,16,20,8,18,10,10,9,12,11,14,5,12,12,14,15,9,7,12,13,6,5,10,13,15,9,9,5,9,9,10,7,9,9,9,4,6,6,5,5,5,6,7,5,6,9,4,2,3,5,6,7,3,8,7,10,5,4,7,7,6,3,2,5,8,5,3,3,1,2,4,9,7,4,3,5,3,1,3,3,1,5,2,1,1,3,2,0,2,1,2,1,4,1,2,2,3,2,2,0,0,4,3,1,0,4,2,0,2,0,1,1,1,2,1,1,3,1,5,3,0,2,0,2,2,1,2,1,1,0,1,1,1,2,1,1,3,0,2,2,3,0,0,0,3,0,1,0,0,1,0,1,2,0,0,0,2,0,0,1,0,1,0,1
0.175000001E-1,200,33,30,32,29,22,27,23,26,36,20,20,29,26,24,21,27,25,15,18,20,20,21,14,21,11,22,12,16,19,9,13,12,15,13,13,15,8,10,11,9,16,13,12,21,16,12,15,18,13,10,13,9,10,7,10,10,5,4,6,10,5,9,6,5,7,5,6,7,7,9,10,5,10,5,7,10,8,6,4,6,3,9,4,7,9,3,5,7,4,4,5,0,7,9,4,8,3,1,3,6,4,7,5,3,4,3,5,2,3,1,1,3,2,5,3,2,1,2,2,4,3,3,4,3,4,5,1,6,0,2,0,2,3,5,3,0,5,4,4,2,0,2,3,0,4,0,2,2,2,4,0,2,1,2,1,1,2,1,1,0,2,0,2,1,1,2,1,2,0,3,3,0,0,1,1,0,2,1,1,1,0,0,3,1,3,2,2,0,1,1,1,3,2,0,0,0,0,1,0,1
0.175000001E-1,200,22,31,22,23,23,27,25,33,30,25,21,26,10,20,17,19,27,14,19,21,21,22,20,16,20,12,13,18,14,13,19,23,22,12,12,10,16,8,13,16,11,14,8,9,14,12,7,16,13,12,9,11,16,7,14,8,7,6,12,10,8,11,8,12,11,11,13,10,10,10,8,9,10,8,4,8,7,5,6,5,3,5,6,8,5,4,6,7,6,3,8,2,3,4,4,4,3,2,7,8,2,4,4,0,6,5,2,2,2,2,4,2,4,8,4,5,2,3,4,1,4,1,5,0,3,3,1,3,3,3,2,3,0,2,3,3,3,2,2,2,0,1,1,1,1,1,3,4,3,2,0,4,1,2,2,2,3,2,1,2,2,0,1,0,4,3,0,0,0,0,1,2,2,0,2,1,0,0,3,1,0,1,0,2,1,1,0,1,0,0,1,0,2,1,2,1,0,0,0,3
0.175000001E-1,200,33,26,24,33,31,30,24,32,31,28,23,21,16,21,17,25,27,26,21,19,16,20,18,23,14,12,12,18,16,13,16,16,11,10,20,11,15,8,11,14,10,20,17,18,13,12,11,10,6,13,14,11,13,15,7,5,6,5,12,10,13,10,6,4,10,6,9,8,8,5,5,8,4,7,2,5,11,7,11,5,5,4,8,5,3,9,4,6,7,4,3,4,3,7,2,3,2,3,4,6,7,5,6,2,8,7,3,3,3,1,4,7,3,3,0,4,3,1,3,1,3,3,2,5,0,4,1,6,6,2,4,1,2,1,2,1,4,0,1,1,2,3,2,4,3,1,3,1,4,0,1,1,2,1,1,1,1,0,1,2,0,1,0,0,1,2,3,0,0,1,2,2,1,0,1,3,0,0,1,1,1,0,0,1,0,0,0,0,1,0,1,0,0,2,1,0,0,0,0,1
0.175000001E-1,200,33,30,22,27,20,23,29,27,18,16,22,29,24,30,30,23,23,27,15,16,13,16,26,15,20,17,21,15,21,17,15,16,6,12,9,15,7,13,15,19,13,11,15,14,13,14,12,9,8,18,7,20,12,7,9,14,15,13,10,9,7,9,11,10,5,3,8,12,10,7,6,11,4,6,6,8,5,6,6,3,5,7,3,3,5,4,5,6,6,6,3,3,4,6,9,5,4,1,4,5,7,4,3,0,4,3,5,5,1,4,1,6,1,4,3,1,2,6,0,4,1,2,4,2,3,1,5,4,5,3,2,1,3,3,0,0,2,2,4,2,0,3,1,1,1,1,2,1,0,3,2,1,1,0,2,2,4,0,0,1,3,1,2,1,0,1,3,3,0,4,2,0,2,1,1,0,0,1,2,0,0,1,1,0,0,1,0,0,1,3,2,1,0,0,0,1,0,1,0,1
0.175000001E-1,200,31,27,26,29,31,18,30,33,30,19,27,26,30,17,22,19,25,30,19,21,20,20,17,15,13,16,15,16,21,14,14,11,19,15,21,11,12,12,12,16,4,13,11,13,20,10,12,8,12,8,15,9,12,8,11,10,10,7,9,8,6,5,13,11,8,3,11,15,2,11,13,12,4,8,5,8,8,6,5,4,4,4,3,4,5,3,10,2,1,3,7,3,2,5,5,6,8,3,6,7,3,7,5,5,4,4,2,4,4,4,2,5,3,0,2,5,1,0,3,1,4,5,2,2,2,2,2,2,1,3,3,0,1,1,2,0,0,2,1,7,0,3,1,1,2,2,1,1,3,4,1,1,5,3,1,3,2,1,0,3,1,1,2,1,2,0,1,0,0,2,0,0,0,2,1,1,5,1,1,1,0,1,1,1,0,0,2,0,1,1,1,1,1,1,0,0,0,0,0,0
0.175000001E-1,200,31,33,29,38,37,24,29,29,19,25,26,15,23,27,14,14,22,27,17,22,24,14,17,20,19,13,14,24,22,13,13,14,21,13,15,12,14,17,10,15,16,9,10,12,12,6,5,7,16,15,10,7,7,7,8,7,12,9,11,4,7,11,3,10,2,9,5,7,4,9,6,6,10,9,7,4,9,6,5,5,7,4,6,7,7,6,5,6,5,6,6,7,3,5,5,5,4,4,6,2,3,4,3,9,1,4,4,2,3,3,2,0,3,3,0,3,4,4,1,1,6,4,3,1,5,4,2,2,4,4,3,6,2,2,1,2,3,4,2,1,4,2,2,1,2,1,1,0,2,2,3,3,0,0,2,0,0,1,0,2,2,1,3,0,2,3,0,0,3,2,0,1,0,4,0,1,0,4,1,3,3,2,0,3,0,0,1,1,1,1,2,2,0,0,1,1,0,1,1,2
0.175000001E-1,200,34,35,27,24,36,33,17,16,31,18,20,32,24,23,21,17,23,13,23,19,23,18,19,23,19,16,19,14,21,14,14,22,18,17,17,22,18,15,14,10,15,12,10,12,12,11,7,17,13,13,14,11,10,13,9,7,9,12,9,11,6,9,8,11,6,8,10,4,4,10,4,4,10,6,4,2,8,4,3,4,4,7,7,4,3,3,6,7,4,4,8,4,4,5,2,7,5,0,2,8,4,3,3,7,3,3,4,3,4,2,5,6,5,2,4,1,2,3,2,5,2,3,0,0,1,2,3,2,1,2,2,1,2,1,2,0,2,6,0,1,4,3,2,1,3,1,0,1,2,2,2,0,1,3,0,1,0,0,1,3,0,2,1,2,0,0,1,1,1,1,1,3,1,1,0,1,1,0,1,1,0,1,0,1,2,1,0,1,0,1,0,0,0,0,1,1,0,1,1,0
0.175000001E-1,200,39,26,32,37,36,27,28,30,19,25,13,20,31,18,24,12,24,18,22,20,14,14,15,16,22,14,23,20,19,14,9,8,9,20,8,11,15,11,19,13,13,9,12,11,16,14,7,15,6,15,12,8,20,14,6,15,8,17,6,8,8,5,8,6,9,4,10,9,10,4,6,9,8,6,6,4,6,5,2,6,3,6,6,6,8,4,3,7,4,5,6,5,8,4,4,2,3,7,5,5,1,1,3,9,2,1,3,5,5,1,3,6,5,4,2,2,4,5,1,2,2,3,3,4,3,2,3,5,2,4,1,5,0,1,4,2,2,7,2,3,4,3,0,2,4,2,1,4,0,0,1,2,0,0,1,0,1,1,0,3,0,2,2,1,0,1,0,1,1,1,1,0,2,2,0,1,0,1,0,3,1,0,0,0,2,1,1,1,2,1,3,0,1,0,0,0,0,3,1,0
0.175000001E-1,200,28,30,34,24,24,30,28,19,25,22,27,18,20,13,18,26,18,32,25,17,16,17,17,19,18,19,15,7,18,16,20,12,16,13,22,15,15,18,17,12,12,9,10,10,9,19,14,14,13,13,9,5,11,9,9,12,10,5,12,9,10,7,10,4,12,5,7,9,9,6,11,7,3,8,9,9,7,12,3,4,9,10,6,8,3,6,8,5,5,5,4,3,5,4,3,3,5,7,2,5,5,7,4,4,6,1,3,3,5,1,0,5,4,3,7,2,1,2,4,2,2,5,2,4,5,3,3,2,2,1,1,0,1,3,3,2,2,3,0,1,3,2,1,1,2,1,0,1,7,3,3,0,0,0,3,0,2,0,0,1,0,1,0,1,2,1,2,0,1,0,2,4,1,2,0,1,0,2,0,0,1,0,2,0,1,0,2,2,0,2,1,1,0,0,0,1,1,0,3,0
0.175000001E-1,200,35,29,24,24,28,32,28,20,28,25,26,17,27,20,23,19,18,21,18,17,29,19,18,24,21,15,17,17,15,18,16,17,9,14,19,16,15,12,11,20,15,10,9,13,12,9,8,11,7,15,16,10,7,8,13,11,13,8,8,7,4,13,12,11,9,11,9,7,6,7,5,9,6,7,7,4,2,5,6,8,7,2,5,6,5,9,4,6,5,4,3,5,0,6,7,3,5,1,5,4,1,3,6,6,2,3,3,1,6,3,4,6,4,3,1,4,2,3,4,1,2,2,3,3,2,3,3,2,4,1,5,2,1,1,2,1,3,5,3,3,2,1,0,3,3,1,2,1,1,2,0,1,0,2,0,5,4,1,0,3,3,2,0,1,0,0,0,2,1,1,2,4,1,0,0,0,1,2,1,0,2,1,0,2,1,1,0,0,0,3,0,1,1,0,0,0,1,1,1,1
0.175000001E-1,200,28,21,31,22,40,24,19,27,18,21,16,22,31,25,23,10,21,17,23,21,16,18,12,14,18,15,19,23,15,16,14,16,10,23,16,6,15,16,11,14,14,14,10,16,16,14,11,16,9,7,10,8,9,6,13,12,13,5,7,12,12,6,18,12,11,13,9,15,7,8,12,5,6,7,6,6,8,6,8,4,2,6,8,3,3,8,3,7,7,8,8,5,2,8,4,5,3,8,3,0,4,3,2,4,2,10,6,4,3,4,1,6,3,3,1,3,3,4,3,9,3,7,0,1,2,1,0,3,1,2,1,2,1,1,4,0,3,0,4,3,2,3,1,6,2,0,1,2,1,2,1,1,0,1,4,3,0,0,1,1,1,1,2,1,1,0,3,1,3,2,1,1,1,2,1,1,2,0,0,1,2,0,0,0,0,0,0,0,2,2,0,0,2,1,0,0,1,1,2,1
0.175000001E-1,200,33,30,22,29,19,24,36,26,21,19,23,24,25,15,16,22,27,27,15,24,20,17,23,17,16,18,22,14,28,11,14,13,19,23,18,18,14,12,12,14,12,12,18,12,17,10,10,15,12,15,10,3,4,11,8,13,10,7,8,11,3,9,5,7,7,3,8,7,10,5,7,8,10,7,9,8,5,6,5,3,8,5,3,5,5,4,2,3,3,3,6,5,9,7,7,7,3,3,2,1,0,4,2,5,3,8,5,4,6,5,3,2,6,2,2,0,2,0,5,1,1,3,0,6,7,5,0,3,2,0,2,1,3,3,2,3,4,1,1,1,3,3,5,3,2,2,0,1,2,2,2,2,1,1,0,2,5,2,0,0,3,1,0,1,1,1,4,0,1,0,1,0,2,3,2,0,1,1,0,0,3,0,1,0,1,1,2,0,0,0,2,2,0,0,1,0,1,0,0,3
0.175000001E-1,200,31,31,40,23,24,26,21,34,28,18,21,21,20,23,18,23,15,22,21,20,17,15,18,19,21,19,16,16,15,15,17,21,10,20,19,19,17,9,14,15,9,17,10,15,9,11,11,10,11,12,9,8,8,16,8,9,16,7,9,8,0,5,5,13,10,4,6,6,3,6,8,8,3,5,7,9,8,12,4,8,5,7,3,5,8,5,6,4,2,7,4,7,8,2,3,3,4,11,2,7,2,9,4,3,5,2,7,4,4,2,1,3,4,6,3,5,5,4,3,3,2,3,1,2,1,0,4,1,2,0,2,3,1,2,4,5,0,2,1,2,1,1,0,1,2,4,0,1,3,2,2,0,1,1,2,4,3,0,6,3,3,1,0,2,2,1,1,2,1,1,0,1,1,1,2,0,0,0,0,0,0,1,0,0,1,2,1,0,1,1,1,0,2,0,1,1,1,1,1,2
0.175000001E-1,200,29,29,34,28,24,22,25,13,18,28,33,27,20,21,19,26,24,22,19,25,19,25,22,21,15,23,10,20,15,8,9,12,16,19,12,16,21,17,16,10,10,13,8,8,10,9,15,14,15,10,13,11,14,7,9,6,13,6,13,14,10,12,6,7,10,11,5,8,6,12,8,3,8,7,10,8,6,5,3,4,4,6,7,8,3,4,7,12,5,2,2,3,4,7,2,6,2,5,3,3,2,4,6,4,5,4,4,6,5,4,2,3,4,3,0,4,5,3,2,6,4,3,2,1,4,3,0,5,4,2,6,0,1,5,0,0,1,0,2,2,2,2,0,1,0,3,3,2,2,0,4,1,2,0,1,2,2,0,1,2,3,0,0,0,0,0,0,0,2,0,0,2,0,0,1,0,1,0,3,1,0,0,2,0,3,0,0,2,0,0,0,1,0,1,3,2,0,1,0,1
0.175000001E-1,200,36,32,33,20,22,27,24,25,30,23,20,26,16,32,30,21,14,21,12,17,25,12,14,12,18,20,13,10,14,22,19,14,15,15,11,16,11,17,14,17,10,13,12,13,12,15,7,12,13,14,10,11,8,14,11,13,13,9,14,7,8,11,13,9,11,11,14,6,5,7,6,5,12,8,5,8,4,6,5,7,7,6,8,9,6,1,5,6,10,2,4,6,3,5,6,4,3,4,7,6,5,5,4,2,2,2,2,5,5,5,2,6,0,2,4,5,3,0,0,3,2,6,3,4,1,1,2,5,2,2,2,1,3,2,2,2,1,2,0,1,2,1,1,1,2,0,3,2,1,0,1,0,0,3,0,1,0,0,2,1,0,2,1,2,1,0,0,0,1,0,2,0,2,1,1,1,2,0,0,2,1,0,1,0,0,0,3,1,2,0,1,1,1,1,0,1,1,0,0,1
0.175000001E-1,200,34,30,26,26,28,21,23,22,34,27,20,27,26,21,23,15,21,14,19,26,24,24,10,18,18,11,11,13,22,22,22,20,18,18,17,17,14,12,17,8,15,11,14,16,11,6,11,17,8,12,10,7,4,6,8,5,8,14,12,9,7,10,9,11,4,6,6,15,7,5,6,4,7,6,4,3,4,6,9,5,7,3,6,5,8,5,9,5,5,3,5,3,11,4,2,1,8,5,4,8,10,5,5,3,3,4,4,2,2,5,3,1,2,5,3,1,3,2,4,2,4,2,2,4,2,6,1,2,5,3,2,3,3,3,1,3,1,1,1,2,1,3,0,0,1,1,1,2,0,2,0,0,0,0,2,0,2,0,3,1,0,0,1,2,1,2,2,1,0,1,0,1,1,1,2,1,0,2,0,2,2,0,5,1,1,1,1,0,1,0,0,0,1,1,0,1,1,0,1,2
0.175000001E-1,200,26,27,36,35,29,24,33,17,25,24,34,21,26,22,23,21,25,17,22,18,19,23,12,19,25,16,20,11,11,13,13,17,11,21,15,11,8,15,13,15,13,14,12,10,10,9,14,9,14,9,10,12,9,2,7,10,9,10,10,5,6,5,13,5,9,4,8,6,7,8,8,8,8,5,11,10,3,8,6,5,3,6,7,5,10,7,3,7,4,8,3,8,3,5,3,5,5,5,6,5,6,2,5,1,2,5,1,4,3,3,4,7,5,1,2,3,1,4,4,3,6,5,3,3,3,4,6,2,2,2,0,1,1,3,3,2,1,3,1,2,2,0,0,4,2,1,1,3,6,1,2,6,1,3,1,1,0,2,2,0,3,2,1,1,1,1,2,2,1,0,2,0,2,1,1,0,2,1,3,0,1,2,1,2,1,1,1,0,0,1,0,2,1,0,0,1,1,0,1,0
0.175000001E-1,200,29,28,14,25,36,21,29,19,20,28,29,21,29,27,27,26,17,21,21,31,21,23,22,22,14,21,15,14,18,12,18,15,21,16,17,16,10,9,11,13,11,15,13,13,12,11,8,15,12,7,11,9,11,7,8,11,8,11,6,4,9,8,16,4,6,11,11,9,6,9,3,7,8,8,4,7,3,9,2,3,4,7,5,3,5,3,3,10,3,5,6,3,3,2,5,5,2,3,3,5,0,5,4,0,10,3,3,2,3,1,6,2,2,2,3,2,2,5,5,1,2,4,3,2,3,2,2,1,3,0,6,2,4,3,0,3,1,2,1,3,1,4,1,3,2,2,0,1,2,1,1,2,2,1,1,1,1,4,3,1,1,0,0,2,3,1,1,4,1,0,2,2,1,0,2,0,1,0,3,1,0,1,1,0,0,2,1,2,2,2,0,0,0,2,1,3,1,2,0,2
0.175000001E-1,200,25,29,34,27,17,29,27,25,19,19,24,28,23,19,22,24,18,20,18,17,19,13,23,21,15,17,21,23,16,13,16,19,17,18,12,8,6,11,9,18,16,14,17,15,14,17,9,14,10,17,15,4,9,10,8,13,15,10,13,3,13,9,10,8,7,5,9,6,4,4,8,3,8,16,9,6,3,9,3,5,5,3,8,5,4,8,4,7,6,4,6,2,6,5,5,8,3,2,5,3,2,4,1,5,5,3,1,1,1,1,2,1,4,3,3,4,3,2,4,4,3,5,1,3,1,5,3,3,4,0,2,0,1,5,2,6,2,0,0,4,5,1,3,1,1,0,1,2,4,1,2,1,0,3,2,2,1,5,4,2,2,0,2,0,1,0,4,1,0,2,2,0,3,1,0,0,2,2,3,1,0,2,1,3,2,0,1,4,0,0,1,1,1,0,1,1,0,0,0,0
0.175000001E-1,200,33,30,29,22,25,28,25,25,28,19,24,20,25,13,20,23,25,23,27,27,23,12,27,13,27,21,11,17,16,24,15,7,12,16,12,19,11,14,7,15,11,15,11,9,15,14,13,16,5,8,18,9,14,9,14,11,5,12,8,8,8,8,4,11,8,5,10,4,12,4,8,7,7,5,7,7,7,2,2,4,3,8,4,5,8,9,9,7,3,8,2,1,4,7,2,5,7,4,4,4,1,2,5,5,4,4,3,3,3,5,5,3,2,4,5,3,2,1,2,7,3,3,4,5,2,2,3,3,0,1,2,5,3,1,0,2,2,2,0,2,3,1,0,1,1,2,3,0,2,1,1,3,1,1,4,1,1,2,0,0,1,0,0,1,0,0,0,1,1,1,4,2,1,2,0,1,0,0,2,1,1,0,0,1,3,1,2,0,0,1,1,0,0,0,2,0,0,1,1,0
0.175000001E-1,200,29,35,31,28,25,21,19,27,32,21,22,27,33,16,27,26,26,23,21,20,17,23,17,17,15,11,14,17,13,18,18,9,19,17,17,8,10,14,13,15,12,13,20,19,13,10,9,10,13,5,11,9,5,10,7,10,8,10,9,5,10,7,8,13,7,6,10,6,5,8,3,8,13,5,5,7,7,4,5,8,5,6,8,4,7,2,4,6,7,4,3,6,7,1,4,3,6,9,5,1,3,6,5,4,5,4,4,3,4,3,2,4,6,4,1,4,6,2,2,4,2,3,3,0,3,2,4,6,4,1,1,3,0,1,3,4,2,3,0,1,2,3,1,3,4,2,1,1,3,2,1,3,1,1,1,1,1,1,2,0,2,0,0,1,2,0,4,1,1,1,1,1,0,2,2,1,2,1,1,0,1,3,2,0,2,1,1,0,0,1,0,0,1,1,1,0,0,2,1,1
0.175000001E-1,200,36,37,21,29,18,23,24,22,27,33,19,25,31,28,21,16,18,23,18,20,19,25,5,21,16,23,20,18,16,13,15,12,18,15,15,13,7,13,9,9,22,13,7,9,11,7,13,20,6,10,12,9,6,14,14,8,7,5,13,8,9,12,10,6,9,8,7,3,10,4,10,10,13,13,6,8,6,8,6,5,3,9,7,9,5,8,6,9,5,3,5,6,2,8,2,6,4,3,2,5,6,6,2,3,6,5,2,1,2,5,3,0,4,5,0,3,3,2,4,4,5,3,3,0,1,1,0,1,0,2,1,2,3,2,5,0,0,2,2,1,2,3,1,3,1,1,0,3,1,2,0,1,3,1,3,0,0,2,0,3,2,1,1,1,1,0,0,2,1,2,0,3,1,0,0,2,0,2,0,2,2,1,2,1,2,1,0,0,2,1,0,1,0,0,3,0,0,0,3,2
0.175000001E-1,200,35,27,31,35,29,30,28,22,21,19,17,29,29,15,20,22,18,21,16,12,20,22,19,24,18,18,14,20,16,17,12,14,18,19,16,11,17,12,18,11,11,22,10,11,8,7,8,7,10,7,13,11,10,10,9,6,14,7,10,11,6,10,5,7,13,12,13,4,6,6,7,10,10,11,4,9,3,5,8,8,6,7,8,2,10,4,4,3,5,3,7,8,7,1,1,4,6,3,4,5,3,9,2,3,1,3,2,3,2,5,1,3,4,1,3,6,2,2,1,5,5,4,1,1,2,1,4,4,2,2,2,5,5,2,1,4,2,1,3,2,1,1,0,2,4,2,1,8,0,3,2,1,0,3,1,0,1,1,2,0,1,1,0,2,1,1,3,2,1,2,0,0,1,1,0,1,0,2,0,1,2,2,0,2,0,1,0,1,2,1,0,0,1,0,1,0,0,0,1,0
0.175000001E-1,200,30,36,30,25,34,38,30,26,27,32,21,21,26,16,33,19,23,21,18,21,22,28,19,15,17,13,22,11,12,24,8,15,19,9,12,15,8,13,4,11,9,19,14,13,9,11,14,10,11,8,10,7,8,8,7,11,14,8,6,11,5,9,7,13,6,11,5,5,4,8,7,6,10,4,8,6,10,4,8,7,3,6,3,1,7,9,4,3,3,1,3,7,5,5,4,4,11,6,2,5,4,2,2,4,4,2,4,3,4,6,4,0,6,3,3,4,3,2,1,0,2,6,5,2,0,4,3,5,4,1,0,2,5,0,0,2,5,4,1,3,3,1,1,4,1,2,3,1,5,2,1,1,2,2,0,1,2,2,1,2,2,0,1,0,1,3,2,2,1,1,0,2,1,2,0,0,1,0,0,0,1,1,0,0,1,0,3,1,1,0,1,1,0,1,2,3,1,0,3,5
0.175000001E-1,200,20,32,28,23,24,24,19,27,30,28,23,22,30,20,16,16,20,21,13,14,15,20,22,23,14,17,19,20,17,22,17,21,22,16,10,16,15,17,16,12,12,11,10,16,9,11,14,11,11,16,9,13,10,12,11,7,11,5,7,9,9,6,15,9,9,6,9,11,12,5,4,7,10,6,8,3,7,4,3,6,7,4,3,1,2,2,9,5,6,3,6,2,4,3,7,3,1,2,4,4,2,6,6,2,5,3,5,1,6,5,2,1,3,9,3,4,0,6,5,5,4,5,2,6,3,3,2,4,4,1,0,1,1,2,2,1,2,1,3,2,2,2,2,1,3,0,1,1,3,2,3,1,1,3,0,2,3,3,1,3,1,0,1,1,0,1,2,3,2,4,3,0,1,1,0,0,1,0,2,3,1,1,0,0,1,1,2,1,2,0,3,1,0,0,1,0,0,1,1,2
0.175000001E-1,200,27,28,29,22,31,24,21,31,25,20,21,20,21,25,23,27,20,20,22,12,16,20,19,10,13,20,24,15,13,12,14,22,21,21,14,14,15,9,10,11,16,5,13,16,18,15,10,13,14,10,11,11,12,10,10,10,9,14,5,12,16,10,18,7,4,5,10,7,9,11,6,6,4,4,4,6,8,9,10,5,10,3,6,6,6,6,9,3,4,8,4,3,5,2,4,4,4,1,7,5,4,3,5,9,1,4,4,2,4,4,3,1,5,6,6,1,2,3,0,3,2,4,4,3,4,1,2,5,2,2,1,0,3,1,3,1,2,3,1,1,2,3,1,1,2,2,2,0,1,0,0,0,0,2,0,1,2,1,1,1,1,0,1,0,2,1,0,2,2,2,2,1,1,1,0,0,1,1,1,4,1,1,0,0,0,2,1,1,1,0,0,2,1,0,2,0,2,1,2,1
0.175000001E-1,200,24,35,30,32,34,20,14,27,37,30,26,18,24,31,21,19,16,21,16,22,19,20,19,14,22,15,19,17,24,16,15,16,13,12,14,14,10,17,12,15,8,11,13,14,11,12,9,17,7,12,8,11,7,8,12,16,10,13,8,7,7,12,9,6,7,6,7,8,10,9,4,9,7,6,4,5,5,5,5,4,6,6,9,2,3,7,4,9,7,5,5,7,4,4,3,7,1,4,7,5,5,0,2,4,6,1,3,1,3,3,5,4,4,4,2,4,4,5,0,3,0,2,1,4,2,2,2,0,4,3,1,2,1,3,0,4,1,2,0,4,2,1,2,2,0,2,1,2,0,1,3,3,1,3,2,1,2,1,1,2,0,1,6,2,2,1,2,5,0,1,0,2,1,1,3,1,1,1,1,0,1,1,1,0,3,1,0,0,0,1,1,0,0,1,0,1,0,0,3,1
