#cutoff=3.50000000
0.175000001E-1,200,49,41,53,37,41,40,43,51,31,31,37,44,37,28,41,31,27,26,21,33,18,28,14,22,19,17,14,21,14,21,15,20,21,14,11,15,12,7,8,10,12,10,14,12,11,14,6,10,5,7,6,10,6,7,14,9,10,5,10,6,4,6,4,4,6,4,3,5,7,3,4,3,3,5,4,2,3,3,5,2,6,1,2,4,3,2,1,1,1,1,1,1,2,1,5,2,1,2,3,2,1,1,1,2,0,1,1,2,3,3,2,0,2,2,1,2,0,1,2,1,1,1,1,1,2,1,0,0,0,0,0,0,1,1,0,1,0,0,0,0,1,0,0,2,1,0,1,1,0,2,0,2,0,0,1,0,0,0,0,1,1,0,0,1,0,3,1,3,0,0,1,0,0,0,0,1,0,1,0,1,1,0,1,1,0,1,1,1,0,0,0,1,0,2,2,1,0,0,0,0
0.175000001E-1,200,55,52,58,44,46,45,48,33,42,26,24,27,29,32,22,33,30,31,23,20,24,21,27,24,27,14,23,14,19,17,18,19,17,9,10,12,7,7,11,8,13,14,13,13,9,11,14,13,13,10,17,8,9,8,4,5,7,5,4,5,2,6,4,1,5,1,3,6,4,9,1,5,4,7,4,9,5,1,2,4,1,8,0,5,1,1,2,2,3,1,4,2,3,2,1,1,1,1,3,2,4,2,1,1,1,0,0,3,1,1,2,0,1,0,0,2,1,1,0,1,2,1,0,2,2,1,3,0,0,1,1,0,0,0,0,1,0,0,1,2,1,0,1,1,0,0,0,0,2,2,0,1,1,1,0,1,1,0,1,1,0,1,0,0,1,0,1,1,0,0,0,2,0,0,1,0,2,1,0,0,0,0,0,2,0,0,0,0,0,0,1,1,0,0,2,0,1,0,1,1
0.175000001E-1,200,36,42,42,43,43,49,46,29,38,40,32,38,40,35,22,37,21,25,33,22,25,23,24,15,20,19,10,13,20,17,12,18,9,9,17,13,17,16,10,10,12,9,10,12,13,10,9,6,8,7,6,14,14,4,5,7,13,3,11,8,3,10,6,3,9,6,10,4,2,3,6,6,4,3,5,1,6,5,0,1,2,3,6,3,3,1,2,2,5,4,1,2,0,3,1,2,4,3,6,2,2,1,0,2,0,2,0,1,1,1,3,1,0,1,1,4,4,0,1,1,0,0,1,1,1,2,2,0,0,1,1,0,3,1,3,1,1,0,2,2,4,0,2,0,0,1,0,1,3,0,3,1,0,1,1,1,1,0,1,1,0,1,0,1,1,0,0,2,1,1,1,1,0,0,1,1,0,0,2,1,0,2,0,0,0,0,1,0,0,0,0,0,0,0,0,0,0,0,0,1
0.175000001E-1,200,54,35,40,43,31,30,38,29,34,27,24,43,30,28,21,32,23,25,28,26,19,18,19,19,20,24,18,17,12,15,20,10,16,20,15,11,16,9,16,3,7,12,11,18,4,15,10,9,6,13,7,7,6,9,11,13,5,5,12,7,5,4,9,8,6,3,10,9,5,7,6,5,5,5,5,4,4,5,3,2,4,1,5,2,6,5,4,3,8,4,4,6,5,3,3,2,2,3,1,3,0,1,1,2,3,1,0,0,5,4,3,1,2,1,2,2,2,2,1,3,1,3,3,1,2,2,1,0,2,0,3,1,3,1,1,1,1,0,0,1,1,0,3,0,3,3,1,0,0,1,0,3,3,0,2,0,0,0,3,1,1,0,1,0,2,0,1,1,1,0,1,0,0,1,0,1,1,1,0,0,1,1,0,1,0,1,0,1,0,1,0,0,1,0,1,0,1,1,1,1
0.175000001E-1,200,44,49,46,34,53,48,30,32,44,40,32,29,27,36,24,28,29,19,25,22,23,12,19,24,21,24,14,12,21,19,9,13,21,15,12,27,16,12,8,20,9,15,16,10,14,8,9,10,8,10,15,6,13,4,10,12,3,5,10,12,4,3,5,2,4,8,3,3,1,2,4,5,5,5,4,3,3,4,1,0,5,3,3,2,4,2,3,0,8,2,3,1,1,2,2,3,4,5,4,0,0,0,1,1,2,2,1,2,0,3,0,3,1,3,1,2,1,1,1,0,3,1,2,1,2,2,1,0,2,3,0,3,2,1,1,1,0,0,1,0,0,0,2,1,0,2,0,0,1,1,1,1,1,0,1,0,0,2,0,1,1,1,1,0,1,0,0,0,0,0,1,0,1,0,0,1,0,0,0,1,0,0,0,1,2,0,0,2,0,1,0,0,0,0,0,0,1,0,0,0
0.175000001E-1,200,42,44,43,39,43,41,40,50,47,28,25,35,23,33,26,34,30,36,24,19,29,26,23,14,17,14,16,11,21,16,14,20,19,16,14,12,14,16,8,17,13,12,10,17,9,18,11,7,10,3,6,12,9,14,9,7,3,7,6,6,10,9,4,3,5,7,1,7,6,5,7,3,4,2,3,2,3,2,4,5,2,1,4,3,5,3,2,1,1,5,4,2,0,3,3,3,0,1,1,4,1,1,3,2,0,1,4,1,1,3,1,0,1,0,0,0,2,0,0,3,0,1,1,0,1,1,1,1,2,2,0,1,0,0,1,0,0,2,1,1,0,0,1,1,3,1,1,0,0,1,1,1,2,0,1,0,1,0,0,2,0,0,1,2,1,0,0,1,1,1,1,0,0,0,1,0,0,0,0,1,1,2,0,1,0,1,0,0,0,0,1,2,0,1,0,1,0,0,0,2
0.175000001E-1,200,47,46,55,46,42,37,40,51,33,44,35,34,36,24,33,22,25,27,27,20,24,21,24,21,22,16,19,14,13,17,16,20,13,14,13,9,18,15,15,7,9,7,16,11,11,12,11,11,11,2,11,2,10,6,13,3,7,3,5,8,8,7,5,6,5,5,4,1,10,1,6,5,9,2,3,4,2,1,6,3,4,4,2,2,5,1,4,0,3,4,2,3,2,4,2,2,0,3,4,2,5,4,0,2,2,2,1,1,2,4,1,0,2,1,2,1,1,0,2,0,0,0,0,1,0,1,0,0,0,3,0,1,1,1,0,1,3,2,1,1,2,2,2,1,0,3,1,1,0,0,0,1,0,0,3,1,0,0,0,0,0,0,1,0,1,0,0,0,1,0,0,0,0,0,0,1,0,0,0,1,0,0,0,0,0,0,0,0,0,0,1,1,1,2,2,1,0,0,1,0
0.175000001E-1,200,58,46,35,44,34,45,39,38,35,27,40,27,33,25,27,27,33,31,25,16,24,23,21,18,21,14,18,17,15,26,12,16,12,16,11,10,15,14,19,6,8,12,14,13,17,4,11,7,11,11,10,9,3,8,11,4,4,8,7,12,2,4,6,7,4,6,4,9,5,1,5,4,5,2,2,4,4,5,3,2,2,3,2,8,4,3,0,3,8,3,2,4,2,3,3,1,1,2,3,1,2,1,3,2,1,2,1,1,4,2,3,4,0,3,1,4,0,2,0,2,0,1,0,3,1,2,2,2,0,1,2,0,1,1,2,0,4,3,1,1,2,0,1,1,0,1,2,0,1,1,0,2,0,0,1,1,0,1,0,1,1,1,1,0,2,0,0,0,1,0,1,0,0,1,0,0,0,1,1,0,1,3,0,0,1,0,0,2,0,0,0,2,1,0,0,1,1,0,0,2
0.175000001E-1,200,44,41,54,41,43,48,38,31,45,34,34,49,25,29,32,42,27,19,23,22,18,23,19,18,19,22,23,21,13,17,19,18,13,8,14,9,12,7,11,10,14,11,8,10,4,12,10,7,8,8,9,11,9,7,6,9,1,11,7,5,8,10,8,7,6,5,3,4,7,5,1,6,5,1,2,3,7,4,4,8,1,5,2,1,4,6,1,2,3,2,0,0,2,5,2,3,1,1,7,0,1,3,3,1,1,2,3,1,1,3,1,1,2,0,2,2,1,1,2,1,1,0,1,0,2,2,2,0,5,3,1,1,1,3,0,1,1,0,0,0,0,1,1,2,1,0,1,1,1,0,0,1,0,0,1,0,1,3,1,0,0,2,0,0,1,0,0,1,0,0,1,1,0,0,1,0,0,2,3,0,1,0,2,0,0,0,1,0,0,0,0,0,0,1,0,0,0,2,0,0
0.175000001E-1,200,44,53,46,41,46,31,31,44,31,26,32,27,37,26,34,22,34,23,23,19,20,28,19,17,18,24,20,15,26,19,15,12,16,12,18,14,12,13,19,12,9,8,9,11,12,15,12,9,5,4,5,10,7,7,7,6,5,7,8,7,8,5,8,5,1,11,8,7,8,5,5,6,4,2,6,5,5,4,4,3,3,6,3,4,3,7,6,3,1,2,1,0,3,4,6,1,2,2,1,3,0,3,0,1,4,0,2,0,1,0,1,1,2,2,0,2,2,1,2,0,0,2,1,2,1,2,1,2,0,3,0,0,2,1,1,2,0,0,1,0,2,1,1,1,1,3,2,2,0,0,0,0,0,0,0,0,2,0,2,0,2,0,1,0,2,0,0,0,1,2,1,0,1,3,1,0,1,0,0,0,3,0,0,1,1,3,1,2,1,0,2,0,0,0,1,0,1,0,0,1
0.175000001E-1,200,40,45,43,38,47,50,42,40,37,36,31,32,26,33,32,22,22,26,26,27,23,30,24,22,22,19,18,14,15,15,13,16,14,18,6,15,17,12,14,8,7,16,16,6,10,13,15,13,9,6,4,17,2,7,7,6,7,10,5,5,5,3,4,5,6,6,2,3,8,6,5,4,3,7,5,2,3,4,4,6,3,7,1,2,4,3,3,3,1,2,6,3,1,2,2,5,4,0,3,0,2,5,1,2,3,4,2,2,1,3,1,1,1,1,2,2,0,2,0,1,0,0,2,0,1,1,1,0,1,1,0,0,1,1,1,1,2,0,1,1,4,0,1,1,0,0,1,1,0,0,0,0,1,1,0,0,0,1,0,0,0,1,2,0,1,1,0,0,0,0,1,2,1,0,0,1,0,1,0,1,0,0,0,0,1,0,0,0,0,0,1,1,1,2,0,1,0,0,0,0
0.175000001E-1,200,58,41,40,46,39,41,44,34,37,40,32,39,42,24,25,24,25,24,30,24,22,8,19,20,20,20,25,9,18,19,16,9,13,11,9,18,10,7,15,9,13,12,8,8,8,12,7,16,9,7,6,7,5,7,8,7,5,16,6,6,8,9,10,8,4,9,5,4,5,3,5,3,3,4,7,4,7,8,4,4,2,5,3,5,4,0,6,2,6,3,2,3,4,1,0,1,1,1,2,4,3,1,1,0,2,3,2,3,0,4,1,1,2,0,2,0,1,0,0,1,0,2,2,0,0,0,2,0,2,1,0,2,0,4,0,1,0,1,0,0,2,1,0,3,2,1,1,0,1,1,0,0,1,2,3,1,1,1,0,0,1,1,0,5,0,0,0,2,2,1,0,2,0,1,0,1,1,0,1,0,1,0,1,0,0,0,1,0,1,1,1,0,0,0,0,0,0,0,0,0
0.175000001E-1,200,36,49,42,34,33,44,46,38,37,31,34,37,32,33,33,28,20,18,24,21,30,23,22,22,33,21,8,23,22,17,14,10,15,17,14,15,15,18,13,9,19,4,11,9,11,8,10,7,10,8,8,2,5,13,5,11,7,8,3,8,6,7,3,2,11,2,2,6,4,6,7,5,3,5,5,3,6,2,4,1,3,2,8,8,2,3,0,3,8,4,6,5,2,1,3,5,2,1,2,4,0,5,2,2,2,1,0,2,1,1,1,2,1,1,3,0,0,1,0,0,1,1,2,1,1,0,1,1,0,1,1,0,0,0,4,2,0,1,1,2,2,0,2,1,0,0,0,1,0,0,0,0,1,0,0,2,0,0,0,0,2,0,0,1,1,1,0,0,0,2,1,0,0,0,1,0,0,0,0,1,0,0,0,1,0,0,0,0,1,0,0,0,1,0,1,0,0,0,1,0
0.175000001E-1,200,48,37,37,60,36,25,34,31,42,30,35,32,28,28,30,18,20,28,23,26,29,24,29,20,14,21,13,15,20,17,11,22,23,10,11,18,10,11,14,10,10,7,9,12,7,14,9,8,12,12,10,10,12,10,9,7,3,7,6,10,7,4,2,9,7,11,9,8,7,7,2,3,3,4,2,4,3,5,3,4,5,2,0,1,3,4,1,4,4,3,2,2,3,5,4,2,5,3,4,3,1,2,3,3,3,1,1,2,3,1,2,1,3,3,2,3,0,0,3,3,1,2,1,1,1,0,0,3,2,1,1,2,1,0,1,1,1,2,2,0,2,1,0,0,1,1,2,1,0,0,2,2,1,2,3,1,1,0,1,1,0,1,1,2,1,0,1,0,0,0,0,0,0,1,0,0,1,0,0,1,1,0,0,0,1,0,1,0,0,0,0,0,1,0,0,0,1,0,0,0
0.175000001E-1,200,46,52,39,39,42,45,33,39,46,26,27,29,29,35,28,30,25,27,25,22,23,23,25,25,17,13,14,18,20,13,18,16,23,5,15,12,18,14,17,16,13,10,12,6,7,8,8,10,5,5,9,8,6,6,8,8,7,7,7,6,3,5,4,6,6,7,1,4,8,3,7,8,6,6,3,4,3,6,7,2,3,4,2,4,3,4,2,5,5,7,2,2,2,4,3,1,3,1,4,4,3,3,4,0,2,2,2,1,1,3,2,1,0,0,2,0,0,3,0,2,1,3,2,4,1,1,2,2,1,1,0,0,1,4,0,1,2,1,1,1,0,1,0,1,1,2,1,1,0,2,0,0,0,2,1,1,0,1,0,1,1,0,1,0,0,0,1,0,0,0,1,0,1,0,0,1,1,0,0,1,1,2,0,0,1,0,0,0,0,1,0,0,1,0,1,0,0,0,2,0
0.175000001E-1,200,48,52,48,46,49,33,45,34,32,40,30,26,36,36,31,31,26,40,27,31,20,14,25,25,22,15,15,14,13,24,23,14,17,13,13,10,15,6,16,11,10,11,11,14,12,7,10,9,3,11,4,7,10,5,5,3,8,8,4,6,4,7,9,8,6,3,8,2,4,6,2,4,7,7,7,4,1,1,4,2,2,2,3,3,2,1,4,3,4,2,1,1,1,1,3,1,1,2,2,1,1,3,2,2,2,4,1,1,1,1,1,0,2,1,0,0,0,5,0,2,3,0,2,1,0,1,3,0,1,1,0,2,1,0,1,2,3,0,2,1,1,1,0,1,1,1,0,0,1,0,0,0,1,1,0,0,1,0,1,0,0,0,0,1,0,1,0,0,0,0,1,1,0,0,2,0,1,3,0,0,0,1,0,1,1,1,0,0,1,0,0,0,0,0,0,0,1,1,1,0
0.175000001E-1,200,52,45,44,35,42,37,33,54,38,37,38,29,31,29,26,20,26,26,26,26,39,13,21,21,24,17,15,12,21,16,17,21,8,17,12,14,9,10,10,8,13,7,12,7,16,8,14,8,9,17,10,10,10,5,6,5,9,6,5,5,6,9,8,5,5,3,7,1,4,6,4,6,5,4,3,4,1,4,5,5,3,4,4,5,3,2,1,0,5,3,4,4,2,6,2,3,3,2,0,1,0,5,3,2,2,1,2,2,1,1,2,2,2,3,0,0,0,1,3,2,2,1,1,1,0,0,0,3,1,5,0,2,1,1,1,0,0,4,1,2,1,1,0,2,1,1,1,2,1,0,0,0,1,0,1,0,1,0,1,0,0,1,1,0,1,1,2,1,1,0,0,0,1,0,0,2,0,0,0,0,0,0,0,1,0,1,1,1,0,0,0,0,0,0,1,0,1,0,0,0
0.175000001E-1,200,49,47,39,38,35,51,44,37,33,30,30,34,26,33,38,34,34,28,20,28,20,17,25,21,26,23,18,11,20,14,11,17,24,20,13,13,7,13,14,11,15,15,18,11,13,10,3,15,6,14,6,8,4,11,6,8,7,3,6,4,7,4,9,8,8,11,2,9,6,5,3,5,2,2,5,5,3,3,1,3,5,0,0,2,2,2,1,2,1,0,1,3,2,1,4,1,1,1,3,2,3,2,1,2,1,2,1,0,1,0,0,0,1,2,1,2,1,0,2,4,2,3,1,1,0,1,2,2,1,0,1,3,0,0,2,0,1,1,0,1,3,0,3,1,2,1,1,1,0,0,0,1,1,3,1,1,1,1,1,2,0,4,1,0,1,0,0,0,0,0,0,0,0,0,0,0,1,1,0,1,0,0,0,0,0,0,0,0,0,0,0,0,1,0,1,1,0,1,0,0
0.175000001E-1,200,62,56,49,56,40,37,44,56,47,35,41,44,25,31,32,22,33,24,21,24,23,27,22,15,15,23,11,11,19,17,20,24,16,22,13,14,17,8,9,5,2,14,12,12,9,9,11,8,9,5,7,6,7,12,5,8,6,3,7,4,4,5,5,3,8,4,3,3,4,2,3,5,4,3,5,4,3,3,1,5,1,2,2,4,2,1,2,0,1,0,2,5,1,0,3,1,4,1,2,3,1,0,1,3,1,3,0,1,1,3,1,0,1,0,1,1,0,1,1,1,2,0,0,0,1,1,1,0,1,2,1,0,0,0,1,0,0,1,0,0,4,1,1,1,0,0,1,0,0,0,0,1,1,0,1,0,1,0,0,1,0,0,0,0,0,0,2,1,0,0,2,2,1,1,2,0,1,1,1,1,3,0,1,0,0,0,1,0,0,0,0,0,0,0,0,0,1,0,0,1
0.175000001E-1,200,45,42,41,57,32,46,45,35,36,44,32,26,22,20,32,20,33,22,25,18,29,28,11,21,24,19,17,26,16,16,17,14,11,12,12,12,12,10,12,9,8,10,9,7,7,9,9,8,10,12,9,8,12,9,6,5,7,9,9,4,4,5,7,6,7,8,6,7,7,5,5,2,3,6,1,2,7,4,5,3,3,2,3,6,2,1,3,3,4,3,3,3,7,4,4,3,1,2,3,2,1,2,1,1,0,2,2,0,1,1,0,1,1,4,2,1,4,0,0,0,2,3,2,0,1,0,3,0,1,6,3,0,3,2,0,1,1,1,1,1,2,1,0,1,0,0,2,0,1,0,1,1,1,0,1,0,1,3,3,0,0,2,2,0,0,1,1,0,3,1,1,2,1,0,0,3,0,1,0,1,0,0,1,0,0,1,0,0,0,1,0,0,0,1,0,0,1,0,1,0
0.175000001E-1,200,47,47,40,47,40,43,42,31,24,41,37,29,31,34,28,29,25,30,31,18,33,28,25,23,22,25,7,18,22,19,13,6,12,10,11,12,11,9,10,6,17,8,14,9,12,9,17,10,15,5,9,5,10,10,4,7,3,7,9,5,7,5,3,3,2,5,5,3,2,6,5,3,7,1,4,2,3,7,4,3,1,5,2,2,4,1,4,3,4,3,4,3,3,2,5,3,3,2,1,1,1,2,3,2,1,1,2,0,4,1,2,0,3,1,5,0,4,1,0,4,2,1,1,5,0,0,2,4,1,0,3,1,1,0,0,2,0,0,2,2,3,0,1,1,0,0,3,0,0,0,0,3,1,1,0,2,2,0,0,1,0,0,0,1,0,1,0,1,3,0,1,1,0,0,0,0,1,0,0,1,1,0,0,1,0,0,0,1,0,0,1,0,2,2,0,0,0,1,0,0
0.175000001E-1,200,54,48,53,50,44,55,49,44,30,35,31,33,35,26,30,24,25,23,27,31,23,28,21,14,20,20,25,18,12,14,13,13,13,20,12,17,14,8,13,9,11,21,11,11,8,5,7,4,7,10,5,3,7,9,8,4,8,8,7,7,6,5,7,8,4,7,2,5,4,6,4,6,0,1,2,5,3,4,1,2,4,3,4,0,4,4,5,3,0,1,0,3,4,3,2,2,1,1,2,1,1,1,3,2,3,0,1,0,2,1,1,5,3,0,1,1,2,1,3,2,3,0,1,0,0,1,1,1,0,1,0,1,2,1,2,0,0,1,2,0,2,1,0,1,0,2,1,2,0,1,2,0,0,0,2,1,1,0,1,0,3,0,1,0,0,0,0,0,0,2,0,0,0,0,1,0,0,0,0,0,0,0,2,0,1,0,0,0,0,0,1,0,0,1,0,1,0,0,0,1
0.175000001E-1,200,41,42,48,47,41,51,40,33,34,41,38,24,37,39,26,26,33,20,27,33,38,14,23,15,22,16,19,15,20,12,12,20,14,12,16,15,24,15,12,13,16,11,14,14,7,5,4,7,6,7,10,7,7,8,11,8,5,7,3,6,5,4,5,2,4,2,7,4,4,4,4,4,4,4,3,5,4,4,5,5,3,5,3,7,2,2,0,4,4,2,2,1,6,0,0,3,1,0,0,0,2,4,1,1,1,0,2,3,2,1,2,1,0,4,1,1,1,1,3,1,2,1,1,1,0,1,0,1,0,3,1,0,1,1,0,2,1,2,1,1,1,0,1,0,1,2,3,1,0,0,1,1,0,0,0,1,0,1,0,0,0,1,2,1,0,0,0,0,1,0,0,2,0,0,0,0,0,0,1,0,0,1,0,0,1,1,0,1,0,0,0,1,0,0,1,0,1,0,0,0
0.175000001E-1,200,54,49,36,33,57,36,37,38,43,32,47,33,22,24,25,31,22,21,13,28,32,11,14,11,20,20,15,28,14,15,12,15,9,14,21,17,11,8,15,9,4,13,10,13,15,17,3,10,17,12,7,8,8,11,10,5,8,8,3,4,6,9,4,11,3,10,2,2,12,4,8,5,6,6,11,3,4,8,2,2,8,3,2,1,0,4,2,2,0,2,5,0,2,4,3,0,1,2,4,2,2,5,2,3,1,4,3,1,1,1,1,0,1,2,3,0,0,1,1,2,4,1,1,0,1,1,1,1,1,0,2,0,3,5,0,1,0,0,2,1,3,1,0,3,0,0,0,1,0,1,2,0,1,1,1,0,1,0,2,0,1,0,3,1,0,0,0,0,0,1,1,1,1,0,0,1,1,0,0,0,0,1,1,0,1,0,0,1,0,1,0,0,0,0,0,1,0,0,0,1
0.175000001E-1,200,44,30,33,39,38,42,39,35,44,42,28,37,20,22,29,27,29,31,22,24,22,26,18,20,24,15,20,14,16,7,22,14,14,16,15,16,11,13,4,26,10,16,7,14,12,10,10,11,6,10,7,8,5,9,11,13,11,4,11,3,3,7,7,3,4,5,3,2,6,5,5,3,3,5,6,5,4,1,3,4,3,2,5,1,5,2,4,2,6,3,5,2,6,6,3,2,2,5,1,1,3,2,6,3,2,3,4,3,0,1,0,2,1,0,0,0,0,2,3,1,3,1,4,5,0,3,1,2,0,4,1,0,2,1,2,4,3,2,1,0,2,1,0,0,0,0,0,0,0,2,1,3,0,1,0,0,2,0,0,0,0,0,0,3,0,0,1,1,1,1,1,1,0,0,0,1,0,0,0,1,0,0,0,0,2,2,0,0,1,0,0,0,1,1,1,0,1,0,0,0
0.175000001E-1,200,37,56,33,36,40,37,32,38,28,36,26,31,28,24,28,27,32,23,19,29,29,18,17,20,19,19,27,19,18,18,17,17,15,19,12,7,12,11,16,17,10,9,17,7,4,5,11,13,8,8,10,11,10,14,10,4,11,6,3,10,6,12,2,7,7,1,5,6,10,3,6,0,11,6,4,6,1,5,1,2,5,0,4,7,0,5,5,2,3,3,1,6,1,0,2,1,0,1,2,4,2,2,1,4,3,2,5,2,4,0,3,4,3,4,0,0,4,0,1,2,2,2,2,2,1,1,0,1,1,0,2,1,0,0,1,1,0,2,2,0,2,2,0,1,2,0,1,2,1,2,2,0,1,1,0,0,0,2,0,3,2,0,0,0,0,1,0,0,1,0,1,1,0,0,0,0,1,0,1,1,1,0,1,0,1,0,1,0,1,0,0,1,1,1,1,1,1,3,0,1
0.175000001E-1,200,30,44,34,51,30,36,29,19,29,40,30,21,34,26,24,25,36,30,24,17,25,37,21,24,19,23,24,7,15,15,20,13,10,11,16,17,10,23,6,11,11,9,15,14,10,14,11,9,9,9,10,10,6,9,10,4,8,7,7,8,16,10,5,9,3,5,7,5,5,8,7,3,3,2,5,2,4,5,7,2,2,1,4,9,2,5,3,3,4,4,3,2,3,6,1,3,3,6,3,3,1,5,1,3,3,1,1,3,3,4,1,2,1,3,0,1,1,2,3,5,2,1,1,3,0,2,0,2,0,2,0,1,1,2,1,0,3,0,2,0,0,0,0,0,1,1,0,0,0,1,1,2,1,0,0,0,2,0,0,0,0,0,0,0,0,2,1,0,2,1,0,0,1,1,1,0,1,1,1,3,2,0,0,0,0,1,0,1,0,0,1,1,0,0,2,0,1,0,0,1
0.175000001E-1,200,64,48,47,55,41,39,32,38,34,37,39,40,33,21,28,24,30,20,20,19,18,25,23,11,20,19,22,17,22,13,17,16,13,16,12,15,13,12,14,8,8,12,9,7,13,7,12,8,11,9,4,8,10,7,5,5,3,4,11,8,13,8,10,3,9,9,0,2,3,5,3,3,1,2,2,5,6,4,1,3,2,3,4,2,6,3,3,4,1,3,2,4,1,3,3,2,2,3,1,1,0,2,3,3,0,1,4,2,0,2,3,1,1,0,0,1,4,0,0,3,1,0,1,2,2,1,1,1,1,0,3,1,1,1,1,1,1,1,0,1,1,1,5,0,1,1,0,0,0,1,1,0,0,0,1,3,1,2,1,1,2,2,2,2,1,0,0,0,0,0,0,2,0,2,1,0,0,0,0,1,1,1,0,0,0,0,1,1,0,2,0,0,0,0,0,1,1,1,1,0
0.175000001E-1,200,51,47,39,43,40,31,31,34,34,25,28,30,31,23,27,28,25,17,22,28,24,26,16,20,15,22,19,19,25,22,22,21,15,20,16,14,14,14,11,16,19,11,8,7,4,8,11,16,10,8,12,11,12,4,5,8,8,11,3,14,4,5,7,3,9,3,6,3,4,7,10,4,6,6,4,2,3,3,2,3,4,1,1,9,2,1,5,0,0,1,1,6,3,1,3,3,1,2,2,1,3,2,1,2,1,4,1,5,3,3,3,0,2,0,1,3,2,2,2,0,3,1,1,1,3,1,3,2,3,1,2,0,0,0,1,2,0,0,1,0,0,0,1,1,0,3,0,0,0,1,1,0,2,3,2,0,0,1,0,1,2,0,2,0,0,1,0,1,1,1,0,0,2,0,4,1,0,0,0,0,0,1,0,0,3,0,0,0,0,0,0,0,1,1,0,1,1,0,0,0
0.175000001E-1,200,48,45,35,38,32,45,41,44,46,32,30,22,26,35,29,32,24,18,28,20,14,21,26,23,22,21,22,14,16,23,19,12,15,14,14,16,20,8,13,12,8,11,7,9,11,12,9,10,12,9,8,15,8,8,6,8,5,7,4,2,6,5,9,4,6,2,6,5,1,6,4,6,7,5,2,3,5,5,4,7,2,1,2,6,2,5,3,2,2,2,7,1,2,6,1,2,2,2,4,1,3,3,5,0,2,3,4,0,2,2,1,2,2,3,1,0,2,3,1,4,2,2,0,2,0,1,1,4,2,0,2,2,2,4,1,1,1,1,2,0,1,1,1,0,0,0,0,1,1,1,0,2,0,1,2,2,1,0,0,1,0,0,0,0,2,0,0,0,0,1,1,0,0,1,0,0,0,0,0,1,0,0,1,1,0,0,0,0,0,0,1,0,2,0,1,0,0,1,0,0
0.175000001E-1,200,50,55,50,46,43,39,38,40,46,33,36,25,32,23,29,30,29,26,23,24,22,17,19,18,19,18,13,20,24,17,17,15,16,13,15,10,10,9,14,14,8,16,11,12,9,8,6,5,10,6,7,13,6,7,9,8,14,9,7,8,4,8,5,4,4,4,5,4,6,8,4,5,4,4,5,2,4,3,4,3,2,4,3,4,5,3,3,2,2,4,3,3,3,0,1,6,2,1,1,3,1,2,2,2,0,3,2,1,0,1,1,2,2,1,3,5,3,0,3,0,1,0,1,0,1,1,2,2,3,0,0,0,0,1,0,1,1,3,1,2,1,1,1,0,1,1,2,1,0,0,2,1,1,0,0,0,0,1,0,0,0,1,0,0,0,0,0,1,0,0,0,1,0,1,2,1,0,1,0,0,0,0,1,0,0,1,0,0,0,2,1,0,1,1,1,0,0,0,1,0
0.175000001E-1,200,63,48,47,45,46,44,36,38,30,44,29,38,18,27,24,24,23,22,27,32,30,20,12,25,19,15,22,15,20,17,20,25,13,22,14,12,14,17,16,15,6,15,7,9,14,18,9,7,7,10,10,7,6,4,7,4,5,6,6,8,8,6,3,7,5,4,6,4,3,6,1,4,7,4,1,0,6,5,1,1,3,4,0,2,3,1,4,1,1,2,1,2,4,1,1,3,3,4,0,1,4,2,3,2,1,1,1,1,2,2,4,0,0,2,4,1,2,0,2,0,0,0,2,0,0,1,1,0,3,0,0,1,0,1,0,1,0,0,0,0,0,2,2,2,2,1,0,2,1,0,0,0,1,1,0,2,2,0,1,0,2,2,0,1,2,0,0,2,1,0,1,1,1,0,1,0,1,0,0,0,1,0,0,2,0,1,0,0,1,2,1,0,1,1,0,0,0,0,0,0
0.175000001E-1,200,53,31,50,42,47,48,37,35,30,25,33,32,37,34,33,34,20,18,24,18,20,22,25,10,22,20,20,16,14,19,10,14,13,18,17,13,13,12,13,5,17,9,10,12,9,15,14,8,16,15,7,5,9,6,5,12,5,11,6,7,5,4,6,2,5,3,8,4,5,4,4,6,6,2,7,5,5,4,8,4,3,6,2,1,0,2,0,5,1,3,2,5,1,2,0,2,0,2,2,3,2,1,1,3,2,1,1,1,3,2,1,2,4,1,2,2,1,0,1,1,2,0,1,2,1,1,0,0,2,1,1,1,1,2,2,0,0,1,2,0,1,1,1,0,1,1,0,0,0,4,1,0,1,1,1,1,0,1,3,2,0,2,0,0,1,2,1,1,1,0,2,1,0,0,0,1,1,1,0,1,0,0,1,0,1,1,2,2,0,0,0,3,0,0,0,1,1,1,0,1
0.175000001E-1,200,43,40,53,39,33,32,36,34,35,37,37,38,31,33,35,26,24,25,21,14,19,20,23,23,20,15,16,15,19,22,19,21,12,11,8,17,17,12,9,17,11,8,10,6,16,11,17,13,12,6,5,11,4,6,11,13,4,7,12,5,4,9,8,5,7,5,3,4,4,1,4,7,11,4,4,4,4,3,5,5,2,4,5,4,3,3,2,1,1,0,3,1,1,1,2,2,1,2,0,1,10,1,2,3,2,3,0,3,4,4,1,1,3,0,0,1,2,2,1,0,1,0,3,1,0,0,1,2,2,2,5,0,1,1,2,0,2,0,1,3,0,0,1,1,0,0,0,1,0,0,1,1,0,2,0,2,0,1,0,1,1,0,0,1,0,0,0,1,0,1,1,0,1,3,3,1,0,1,1,0,0,0,0,1,2,0,0,0,0,0,0,0,2,0,2,0,1,1,0,1
0.175000001E-1,200,51,42,39,38,41,50,36,50,35,36,35,33,32,28,35,26,33,25,22,23,27,22,22,16,18,17,29,18,16,14,21,23,21,19,16,9,12,13,10,11,13,6,8,9,11,7,11,8,7,13,1,8,5,5,10,7,3,5,9,9,3,6,4,2,2,5,1,3,5,3,6,3,8,6,4,5,1,9,3,3,6,3,7,2,2,5,0,3,2,1,2,1,5,1,1,2,4,1,4,3,4,1,2,0,3,1,2,1,2,1,0,1,1,4,1,0,0,2,0,4,0,1,1,1,0,0,0,1,1,3,1,1,1,3,0,1,3,1,2,0,0,2,1,2,2,0,1,0,2,0,1,0,3,3,1,1,1,2,2,1,1,1,2,0,0,0,1,0,0,0,0,0,0,2,0,0,0,0,0,1,0,0,0,1,0,0,0,0,0,0,0,0,0,0,0,0,0,0,1,0
0.175000001E-1,200,68,58,48,56,40,60,41,38,39,37,40,42,50,34,33,38,22,31,24,21,23,23,18,24,7,20,17,20,10,18,11,8,17,21,14,14,12,9,14,11,12,13,10,14,13,9,7,7,3,8,12,9,12,7,4,3,8,5,3,7,2,3,5,3,2,4,2,1,4,4,2,2,5,1,4,6,0,1,1,1,1,2,3,3,4,1,4,2,0,1,4,2,1,3,1,1,1,3,1,0,1,0,2,3,0,1,1,1,1,0,0,1,0,1,1,1,1,1,0,2,0,1,0,2,1,0,0,1,1,2,0,0,1,0,1,0,0,2,1,3,0,0,0,0,0,0,0,0,1,1,2,0,1,1,0,1,1,0,0,2,0,1,1,1,1,0,2,0,0,0,0,0,1,0,2,0,0,0,1,0,0,1,0,0,0,1,0,0,0,2,0,0,0,0,0,0,0,1,0,1
0.175000001E-1,200,54,63,48,43,44,41,51,40,38,32,25,28,34,27,29,29,28,31,34,19,29,13,25,9,13,13,10,22,14,16,12,12,14,20,17,16,11,9,14,13,11,14,4,7,3,11,12,12,8,6,3,8,7,4,8,8,10,2,11,9,5,4,5,2,2,5,2,5,6,7,2,6,5,5,4,7,5,4,5,4,2,2,2,3,3,3,2,2,1,2,3,3,2,1,2,2,1,2,5,2,5,3,2,0,5,3,2,1,3,1,0,3,1,1,3,3,0,1,1,2,4,1,1,1,1,2,1,2,0,0,0,1,3,2,0,1,4,0,2,1,1,3,1,0,3,0,1,1,1,2,2,1,0,1,1,1,0,1,1,2,1,1,1,1,0,0,0,1,1,0,0,1,0,0,0,1,1,0,0,0,0,0,0,0,0,0,0,0,0,1,0,0,1,0,0,0,0,0,0,0
0.175000001E-1,200,50,30,46,37,45,52,42,36,29,35,37,32,22,31,30,25,24,34,15,19,23,20,27,17,11,18,13,23,15,16,20,14,25,12,13,18,16,13,17,16,9,10,9,6,11,9,12,6,9,10,9,5,9,7,5,8,6,3,4,4,10,2,6,4,6,3,6,2,1,10,3,6,6,7,5,6,4,3,7,3,7,7,3,1,7,4,2,4,5,3,3,3,4,3,2,2,5,1,3,4,0,1,5,4,4,4,1,1,1,3,1,2,2,0,2,0,3,2,0,1,1,0,1,0,1,1,0,2,1,0,4,2,0,1,3,2,3,2,3,0,0,2,0,1,0,0,0,0,2,0,0,1,1,2,1,2,0,1,1,2,0,0,1,0,0,0,0,0,0,0,0,0,1,0,0,1,2,0,1,0,1,0,0,1,1,0,1,0,1,1,0,0,1,1,0,0,0,0,0,1
0.175000001E-1,200,54,41,45,44,24,30,29,40,32,24,30,18,28,36,32,18,26,22,23,27,22,22,27,19,23,24,22,23,15,16,15,13,22,19,12,8,12,13,12,15,15,20,16,12,9,10,12,10,5,12,6,10,8,9,16,7,11,8,6,8,7,8,7,5,3,4,4,3,4,6,8,5,4,4,4,5,4,5,6,4,3,3,3,3,7,3,1,4,3,1,3,4,3,2,1,3,1,3,2,5,2,2,2,3,1,3,3,0,1,1,3,3,1,4,0,0,2,1,4,2,2,2,1,4,2,2,2,1,0,1,1,0,0,0,1,2,1,2,0,2,1,0,0,0,1,0,0,0,1,1,1,0,0,2,1,1,0,0,0,0,1,0,1,1,1,0,1,0,0,0,0,0,0,1,2,1,0,1,1,1,0,1,0,1,1,0,0,1,1,1,0,0,1,0,1,0,0,0,0,0
0.175000001E-1,200,46,48,46,46,45,28,38,42,27,37,35,28,31,25,31,24,17,20,21,28,29,24,33,26,23,26,21,18,21,7,19,15,22,12,13,15,13,16,8,7,15,9,10,11,10,12,11,9,7,6,15,7,8,11,7,11,4,11,6,7,4,3,5,3,5,6,6,6,2,3,2,3,5,3,1,0,6,5,2,3,3,1,1,2,6,3,2,2,2,4,1,2,2,0,3,2,3,2,4,1,1,3,1,3,1,1,3,1,2,2,2,1,1,1,3,2,3,2,1,2,2,2,1,2,2,2,1,1,1,3,0,0,1,0,0,1,1,0,1,1,2,1,1,1,1,0,2,1,0,0,0,1,0,1,0,0,1,3,1,2,1,1,0,0,0,0,1,1,0,0,0,0,0,0,0,0,0,0,0,0,1,0,3,0,1,0,1,0,1,0,0,0,1,0,0,0,0,0,1,0
0.175000001E-1,200,49,58,40,40,42,48,37,33,36,38,33,25,35,22,29,27,28,34,23,25,26,22,20,30,15,13,16,11,17,17,16,22,13,12,20,12,13,17,12,19,14,10,10,13,15,9,10,9,5,11,3,7,8,8,5,5,9,6,5,15,3,10,3,6,6,11,10,4,1,3,7,7,5,3,2,3,1,2,2,1,6,2,1,2,1,3,6,2,1,4,0,3,5,3,3,3,5,1,5,2,2,1,2,3,1,1,1,0,0,1,1,2,1,0,1,1,3,3,3,2,0,1,2,1,0,1,2,0,2,0,0,0,1,0,1,3,0,1,1,0,0,0,1,0,0,0,0,0,2,2,1,0,3,1,1,0,0,0,2,1,0,0,0,1,1,1,0,1,1,1,0,0,1,1,2,0,0,0,1,0,0,0,0,0,0,0,0,1,0,0,1,0,2,1,0,0,0,0,2,0
0.175000001E-1,200,56,42,37,32,40,40,35,35,37,43,37,30,30,21,30,26,20,26,26,20,30,15,23,24,16,23,19,15,11,21,13,19,12,19,12,20,20,6,14,8,10,13,13,16,8,11,11,12,7,5,8,7,6,8,5,5,9,7,11,10,8,3,5,8,7,5,5,4,2,6,4,3,4,2,11,3,3,5,6,2,6,2,3,3,3,3,3,6,2,5,5,3,3,4,4,3,1,4,1,3,2,1,2,1,1,1,1,3,2,1,2,5,1,3,5,3,0,2,2,0,1,1,0,1,1,1,1,3,0,3,2,1,1,1,0,0,0,2,2,0,1,0,0,1,2,0,1,1,0,0,0,0,0,0,1,0,1,2,0,0,0,1,1,0,1,2,1,1,1,0,0,1,0,0,0,2,0,1,1,0,0,0,1,2,0,0,0,0,0,0,0,0,0,0,0,1,2,0,2,0
0.175000001E-1,200,63,52,42,49,55,44,65,42,27,31,43,36,34,37,28,30,33,25,29,21,21,15,20,21,17,22,22,15,13,16,13,14,16,8,11,20,11,11,19,11,11,9,8,11,11,7,7,11,11,7,5,9,4,8,8,6,8,5,6,2,2,3,7,4,6,7,7,3,3,6,1,3,1,3,1,4,1,4,4,4,2,3,6,3,2,2,4,1,3,1,2,1,1,4,0,3,3,3,1,2,0,1,0,1,0,3,1,1,1,2,4,0,1,4,2,0,1,0,1,0,0,0,0,1,1,1,3,0,1,0,1,0,1,3,0,1,2,1,0,1,0,1,0,0,1,1,1,1,3,1,1,0,1,0,0,1,1,1,1,2,1,0,0,0,2,0,0,1,1,0,1,0,0,0,0,0,0,0,2,0,0,0,1,0,1,1,1,0,0,0,0,0,0,0,0,0,2,0,0,1
0.175000001E-1,200,54,59,48,53,47,40,45,41,53,47,31,40,32,35,38,27,23,33,30,14,19,27,20,27,19,18,18,19,12,14,11,8,7,18,17,19,11,11,11,12,8,16,5,7,8,10,9,11,7,6,4,13,9,12,5,4,6,2,8,6,9,3,7,4,2,5,6,8,14,8,3,1,4,1,2,3,3,1,1,3,1,0,1,3,2,5,2,3,4,2,2,0,0,1,0,3,4,5,0,4,0,0,0,0,1,2,2,1,0,0,1,0,0,1,3,3,0,1,1,0,0,3,0,1,0,2,0,1,1,1,0,3,0,1,1,2,0,2,0,0,1,1,0,0,1,1,0,0,1,3,0,0,0,1,2,1,1,0,1,0,0,0,1,1,0,0,0,2,0,1,0,0,2,1,0,1,0,1,0,0,0,0,0,0,0,0,0,0,0,1,0,1,0,0,0,0,0,0,1,1
0.175000001E-1,200,39,46,40,46,37,43,36,47,41,28,28,40,19,30,22,29,23,34,26,17,22,22,21,19,18,25,22,19,21,18,17,13,16,18,18,12,12,13,17,12,5,7,13,11,14,7,11,8,9,9,8,14,9,8,4,3,4,10,6,4,9,11,9,8,5,9,7,6,4,7,0,2,5,6,4,6,0,4,3,3,3,2,1,4,4,3,0,1,1,5,6,3,0,3,2,1,2,1,3,4,4,1,1,0,0,1,2,2,3,2,4,3,3,1,0,3,3,2,0,2,0,1,2,3,2,1,1,4,1,0,0,1,2,1,0,0,1,0,1,1,1,1,0,0,0,0,1,0,0,1,1,2,0,1,1,1,1,0,1,0,1,1,2,0,1,1,1,3,1,0,3,2,0,1,0,0,0,0,0,1,1,0,0,0,0,1,0,2,2,1,2,0,0,0,0,0,0,0,0,0
0.175000001E-1,200,39,43,47,31,34,36,37,30,32,30,35,27,36,37,26,22,26,21,22,22,24,26,24,27,13,17,19,13,23,22,7,19,23,12,20,12,13,14,8,12,20,15,13,14,16,10,8,11,14,9,2,10,10,5,12,9,12,6,6,7,4,5,3,5,11,9,3,4,3,5,1,7,8,3,5,4,6,5,1,5,2,6,5,5,7,6,2,1,2,4,2,2,2,0,2,4,3,4,3,4,3,4,2,1,1,1,2,1,2,6,2,3,2,0,0,2,3,2,0,1,1,0,2,0,0,0,1,2,0,0,1,3,2,1,0,0,1,1,0,0,3,1,2,1,1,0,0,2,0,1,0,3,0,1,1,0,0,1,0,0,0,1,0,0,1,1,0,1,2,0,1,0,2,0,0,0,0,0,1,3,0,0,1,0,1,0,0,0,1,1,1,0,0,1,0,0,0,0,0,0
0.175000001E-1,200,49,67,49,39,48,42,42,40,39,32,37,33,26,27,29,28,22,35,18,23,23,30,15,21,27,17,18,20,18,11,12,13,17,11,20,9,10,7,14,12,23,13,9,16,17,13,6,10,4,9,13,7,9,4,7,4,6,4,1,2,1,10,1,5,1,5,4,4,4,5,3,7,4,4,4,1,3,6,5,5,4,2,4,5,1,4,3,5,5,4,2,2,1,6,5,2,2,2,1,2,1,2,2,4,1,1,1,3,2,2,3,0,0,0,1,0,2,0,0,1,3,0,1,1,0,0,2,0,0,0,1,1,0,1,1,1,1,0,1,2,0,1,0,1,1,1,0,0,2,0,0,0,0,1,0,0,1,1,0,0,2,0,1,0,1,0,0,1,2,1,1,2,0,0,1,0,0,1,0,1,1,0,0,1,0,0,0,0,0,1,1,1,1,0,0,1,0,0,0,0
0.175000001E-1,200,44,39,50,54,37,43,46,40,32,42,37,42,32,35,35,33,30,31,25,13,23,26,20,20,28,18,15,20,11,16,16,18,12,18,14,11,8,11,6,6,11,10,13,11,17,8,4,7,4,12,9,7,11,14,4,10,3,4,8,8,2,6,3,6,1,4,6,0,9,4,4,5,2,3,3,3,5,4,2,3,1,5,6,3,1,3,1,3,4,2,3,1,1,2,3,2,4,2,0,1,0,2,2,1,1,2,4,6,2,1,2,1,0,2,0,0,0,3,2,0,1,1,2,0,1,3,0,1,3,0,0,1,0,0,1,0,2,1,2,1,1,1,1,1,0,1,2,1,2,1,1,0,1,0,0,0,1,0,1,0,1,1,1,0,0,2,1,0,1,0,0,0,1,0,0,1,0,0,1,0,1,0,0,1,0,2,1,0,0,0,2,2,1,0,0,0,0,0,0,1
0.175000001E-1,200,45,55,48,43,41,32,24,40,22,24,27,32,25,25,22,29,36,25,29,26,25,27,22,21,23,16,19,13,20,22,19,15,11,16,12,10,9,19,12,12,10,12,9,13,15,4,8,13,6,8,4,7,2,9,12,8,5,9,6,8,7,9,11,8,6,5,4,6,2,5,1,6,6,2,3,4,4,6,2,2,4,3,4,6,10,1,3,1,1,4,2,2,6,0,0,5,2,6,5,6,2,3,3,2,1,7,0,1,0,4,3,7,1,0,1,1,0,3,1,3,0,1,0,3,2,1,0,1,1,0,0,3,0,2,4,1,2,1,1,0,0,1,0,1,0,1,0,1,1,1,1,2,1,2,3,1,0,3,1,1,0,1,0,0,0,0,0,0,1,0,0,0,0,0,0,0,2,0,1,2,2,1,0,1,1,1,1,1,2,0,0,1,0,0,1,1,0,0,0,0
0.175000001E-1,200,56,57,45,47,48,40,35,26,29,26,32,28,27,36,32,37,22,17,29,25,19,28,18,21,25,22,19,21,13,26,12,14,16,21,14,9,16,11,10,15,11,11,10,4,13,8,13,10,7,13,9,7,6,8,8,10,6,11,2,6,4,9,7,9,5,7,6,7,6,7,3,3,4,1,3,2,1,4,2,2,2,2,3,7,2,4,3,2,3,3,1,2,2,5,0,0,0,1,1,0,2,2,3,3,2,1,4,3,1,1,0,2,0,2,2,1,2,0,1,1,2,1,4,2,4,1,1,0,0,3,1,1,0,1,0,0,2,1,3,0,0,2,0,0,1,1,1,0,0,2,1,1,2,1,1,1,1,1,0,0,2,0,0,1,1,0,0,1,0,1,0,0,1,1,1,0,0,1,0,1,0,1,0,0,0,0,0,1,0,3,1,0,1,0,0,1,0,0,1,0
0.175000001E-1,200,39,32,50,45,41,37,39,35,32,39,32,32,33,22,25,27,35,33,25,28,27,20,24,16,18,16,16,21,9,23,32,23,15,17,16,11,16,11,12,12,13,8,7,14,10,5,6,3,9,8,9,9,11,7,9,10,7,11,8,4,10,5,3,4,4,6,9,4,4,7,6,6,2,2,3,5,3,6,7,4,2,3,2,5,8,4,2,2,4,0,0,2,2,1,2,1,1,1,4,2,3,3,1,2,2,3,0,1,2,3,0,0,2,2,2,1,3,0,2,1,2,0,0,5,0,0,1,1,0,1,1,0,0,0,0,0,1,0,2,0,2,1,3,0,0,3,2,1,0,0,0,1,1,1,1,0,0,0,0,0,1,0,1,1,0,1,1,1,0,0,2,0,0,2,0,1,0,4,1,0,0,0,0,0,0,0,1,0,0,0,0,0,1,0,1,0,2,2,0,0
0.175000001E-1,200,41,39,48,41,41,35,20,37,29,31,36,21,31,35,23,29,18,33,34,40,21,18,31,21,20,10,15,20,27,17,18,22,17,24,11,17,19,9,11,11,10,12,9,8,5,9,10,9,8,7,6,4,8,5,11,8,12,12,4,5,8,3,6,5,7,5,5,3,3,3,6,5,4,3,1,2,4,3,4,8,3,8,3,2,3,1,2,3,5,3,7,1,1,5,4,1,5,3,6,4,3,3,2,1,2,3,4,0,3,1,1,0,1,0,2,1,1,0,2,0,1,2,3,1,1,1,0,4,2,0,0,1,1,1,2,0,1,0,2,1,3,1,1,3,2,2,0,1,1,0,0,0,1,1,0,1,0,1,2,1,1,1,1,1,0,3,0,0,0,1,1,1,0,1,1,0,1,1,0,0,0,0,1,1,0,1,0,0,1,0,0,0,0,0,0,0,1,0,3,0
0.175000001E-1,200,45,44,53,40,36,31,29,33,37,30,35,32,34,26,34,17,21,22,25,26,24,22,21,20,14,17,26,19,21,21,16,11,14,14,13,12,17,13,9,12,6,8,9,9,13,12,9,6,10,9,7,6,14,5,10,6,5,7,8,4,11,5,6,6,7,7,3,5,8,3,3,4,4,1,4,5,6,5,5,3,9,4,3,5,7,4,5,3,4,4,2,6,1,2,2,1,2,2,5,6,2,3,2,3,0,3,2,2,1,3,2,2,3,3,1,1,3,3,2,0,1,1,2,1,1,3,0,1,1,0,3,2,0,2,0,1,0,1,1,3,2,2,3,2,3,1,0,0,1,1,0,2,0,3,2,0,0,1,0,0,0,1,0,0,0,1,0,0,1,0,1,0,0,0,2,1,0,1,1,1,0,1,0,0,0,0,1,0,0,2,0,1,1,1,0,0,0,0,0,0
0.175000001E-1,200,41,57,27,36,44,41,45,33,42,39,23,28,35,36,28,30,33,29,22,24,29,20,27,20,16,17,17,18,17,16,17,15,14,11,20,17,10,13,16,11,8,12,8,14,10,8,11,7,6,11,4,5,7,12,7,13,6,11,7,8,9,4,1,4,12,5,3,7,9,3,5,6,4,6,1,4,2,1,6,6,2,4,7,0,7,2,2,2,4,4,0,2,1,3,3,2,1,1,2,3,0,2,1,1,1,2,0,1,1,4,2,1,2,1,0,0,0,1,1,1,0,0,2,1,2,1,2,1,1,2,1,1,2,1,2,0,1,1,1,0,1,0,0,2,0,1,0,2,1,0,2,0,1,0,2,0,1,0,0,1,0,1,0,0,0,1,1,1,0,0,1,0,1,1,0,0,1,0,2,0,1,0,0,1,2,1,0,1,0,1,0,0,0,1,0,1,0,0,1,1
0.175000001E-1,200,42,46,47,42,51,42,43,29,28,39,36,39,37,18,25,31,27,27,23,25,19,18,20,26,24,20,25,27,16,16,16,12,9,17,17,13,11,12,13,13,9,12,9,15,10,6,11,12,11,10,10,12,9,4,5,6,5,5,6,7,6,8,2,4,1,4,7,5,2,7,5,2,5,2,10,4,2,4,4,4,1,2,3,7,8,4,1,6,2,1,3,1,0,4,3,1,2,0,1,2,2,2,2,1,2,2,2,1,0,2,4,1,5,0,1,0,1,2,0,4,2,2,2,0,4,0,1,0,1,5,0,1,0,1,1,1,2,1,1,2,0,4,0,2,2,1,0,0,0,0,1,0,0,0,0,0,0,2,0,1,2,0,1,2,1,1,2,0,1,0,0,0,0,0,0,0,1,1,0,1,1,0,0,0,1,0,0,0,0,0,0,0,0,0,0,0,0,0,0,0
0.175000001E-1,200,43,42,47,35,23,30,31,29,38,30,33,30,26,28,31,29,22,25,14,25,20,25,19,20,25,21,16,19,19,25,20,17,10,14,19,11,13,10,14,15,13,11,11,9,13,14,9,14,9,4,18,8,13,7,6,10,9,10,5,7,4,5,9,5,3,10,3,8,5,8,7,4,7,5,4,6,3,2,3,4,3,5,3,4,2,2,1,1,4,3,0,1,2,2,1,5,3,6,5,2,3,6,4,1,4,4,3,2,2,3,0,0,1,2,3,2,1,3,2,2,0,2,0,2,2,3,0,4,2,0,0,2,4,0,1,2,0,0,1,2,1,0,0,0,0,1,1,2,0,1,1,0,0,0,1,2,0,2,2,0,0,0,1,0,0,1,4,1,1,1,1,0,0,0,1,0,0,0,0,0,1,1,0,1,0,0,1,0,0,1,0,0,0,0,0,1,0,0,1,0
0.175000001E-1,200,48,44,37,41,41,39,43,31,36,26,20,42,30,30,18,27,22,27,19,26,28,19,25,30,21,19,14,18,18,23,15,24,21,11,20,15,20,14,10,10,10,13,10,8,16,12,6,9,9,9,9,8,7,8,8,4,6,5,10,6,9,3,5,5,4,3,9,3,5,3,4,8,4,5,5,4,7,3,4,4,2,5,4,3,3,0,2,2,4,2,5,4,4,1,3,3,2,1,2,1,4,1,5,1,2,0,4,1,2,1,1,1,2,0,2,1,2,0,1,0,3,0,1,1,1,0,2,2,3,3,1,2,1,1,0,1,2,1,0,1,2,0,2,0,0,0,1,2,3,1,0,1,1,0,3,0,1,1,0,2,1,0,0,0,2,2,0,3,1,0,1,0,0,1,1,1,1,0,0,1,2,0,0,0,0,0,0,0,2,0,0,1,2,1,1,0,0,1,0,0
0.175000001E-1,200,52,59,41,44,48,33,28,26,20,30,41,37,30,36,46,25,25,28,21,17,18,23,21,19,23,11,18,26,18,13,15,5,19,9,11,14,20,14,9,13,16,7,13,7,9,10,13,12,17,9,15,14,6,3,8,7,7,5,5,3,4,7,5,1,7,6,7,7,2,5,8,3,7,5,1,2,4,10,3,4,5,4,6,2,4,4,4,3,0,2,1,3,1,3,4,4,0,5,3,3,3,1,5,1,2,0,0,1,5,0,3,1,0,1,1,1,0,3,1,2,1,3,2,0,2,2,2,2,3,1,0,3,0,0,1,0,3,1,2,1,1,0,3,1,2,1,0,1,1,0,0,0,0,1,1,1,0,0,0,0,0,0,3,1,1,0,1,0,3,0,0,0,1,5,0,0,0,0,0,1,0,0,1,0,1,1,0,0,0,0,0,0,1,0,0,0,0,0,0,1
0.175000001E-1,200,56,47,56,53,44,47,46,45,42,37,34,33,38,23,28,25,23,12,18,22,29,26,17,18,21,17,17,24,15,13,14,18,17,14,13,12,12,7,7,13,14,8,5,10,14,8,10,6,10,6,6,6,10,6,8,3,6,8,9,5,6,2,8,7,4,7,5,7,2,7,5,9,4,3,4,5,3,4,1,2,3,2,3,4,5,1,3,4,2,2,1,2,3,2,1,3,4,2,2,1,4,2,1,2,1,1,2,1,4,1,1,7,3,0,2,3,1,0,0,2,1,1,2,0,1,1,1,1,2,3,2,0,1,1,1,1,1,2,0,0,0,1,0,0,0,0,0,2,1,2,0,2,1,1,1,1,0,2,1,0,2,1,1,0,1,0,0,0,0,2,1,1,0,0,0,0,2,0,0,1,0,0,0,0,0,0,0,0,1,0,1,0,0,0,0,1,1,0,0,0
0.175000001E-1,200,50,39,49,34,46,37,38,37,34,28,34,29,33,31,29,30,22,26,29,22,14,16,21,12,15,24,8,11,16,21,15,10,14,13,17,19,10,12,16,18,12,7,13,12,8,15,7,11,9,8,4,9,11,6,10,8,4,15,5,8,7,8,10,5,10,2,4,6,6,5,11,5,4,11,5,3,3,4,4,4,5,5,1,2,4,1,1,3,0,3,2,3,2,4,2,5,1,7,3,3,1,2,1,1,1,2,1,0,2,2,2,4,6,2,2,0,1,0,0,2,4,0,3,1,2,1,3,0,0,0,0,1,0,2,1,2,1,2,0,1,1,1,2,1,0,0,1,1,0,1,1,2,0,2,2,2,2,0,0,1,1,1,0,0,1,1,0,0,2,1,1,0,0,1,0,0,1,0,1,0,1,0,0,2,0,1,0,0,0,1,1,1,1,0,0,1,1,0,1,1
0.175000001E-1,200,41,52,35,39,45,50,36,33,30,29,43,22,38,21,29,31,31,29,17,23,28,21,18,25,21,20,23,22,15,16,13,13,14,20,13,17,9,17,15,18,10,16,7,14,7,21,4,12,8,14,6,7,12,5,10,10,1,4,6,6,7,3,3,5,9,9,6,6,7,5,3,4,6,1,0,4,6,2,6,4,2,2,4,5,3,2,1,3,7,1,3,9,2,3,4,1,4,1,0,1,2,2,2,3,5,1,0,4,3,1,1,0,1,2,3,1,2,1,1,2,0,2,0,1,0,0,1,2,1,0,1,1,0,0,2,0,0,0,1,2,1,2,0,0,2,0,0,0,1,0,2,0,0,2,0,0,0,1,1,3,0,0,1,1,1,0,0,0,1,1,0,0,0,0,0,0,0,2,0,0,0,0,0,0,2,0,1,0,1,0,0,0,0,0,0,0,0,0,0,2
0.175000001E-1,200,45,40,44,42,45,45,29,39,32,38,29,36,31,37,28,23,22,24,32,26,19,20,20,19,19,20,19,27,21,9,11,10,19,16,10,14,10,14,13,11,12,16,14,13,9,20,6,9,12,6,5,9,12,5,8,9,7,6,9,8,3,14,3,9,7,5,2,2,3,6,3,3,5,3,3,1,2,3,2,3,4,5,4,2,6,4,3,2,1,3,4,3,3,2,3,4,3,3,2,4,4,4,1,5,1,2,1,3,1,2,1,3,0,1,1,1,0,2,0,0,3,1,3,2,1,0,2,1,1,1,3,0,0,0,0,0,2,2,2,0,1,2,0,1,1,1,1,0,0,0,1,1,0,1,2,0,0,1,0,2,1,0,1,2,1,0,0,2,1,0,1,0,0,0,2,0,0,0,1,0,0,1,0,1,0,1,0,1,0,2,0,0,1,0,1,0,0,0,0,1
0.175000001E-1,200,33,55,40,34,46,33,37,35,42,42,30,31,23,22,28,23,28,34,38,22,24,31,20,17,22,18,23,27,11,14,12,15,20,15,8,8,13,9,9,2,16,15,7,15,12,9,11,16,7,8,10,7,10,9,8,10,12,4,5,9,1,5,3,7,6,7,7,2,2,8,3,6,4,2,5,3,4,7,3,3,5,4,3,3,0,6,6,4,1,1,4,5,1,2,3,1,1,2,0,0,3,1,2,3,1,3,1,4,3,0,1,1,2,0,4,3,0,0,0,0,2,2,1,3,1,2,1,1,0,1,2,1,0,0,1,0,1,1,1,1,0,3,1,5,1,3,1,0,0,1,1,1,2,2,1,0,2,2,1,0,2,2,1,0,0,2,1,0,0,1,1,1,2,0,0,1,2,0,0,0,0,0,0,1,1,1,0,0,0,0,0,0,1,0,2,0,3,0,0,0
0.175000001E-1,200,42,59,46,37,36,32,38,34,33,41,32,26,32,30,33,26,27,25,23,23,21,15,11,17,25,21,22,17,21,21,12,16,20,17,11,11,14,11,14,14,13,7,12,9,9,9,10,16,8,9,13,8,9,7,8,7,9,4,7,8,4,6,4,6,7,5,2,9,3,7,5,10,3,4,1,6,1,6,7,1,3,4,1,3,3,3,3,3,4,0,7,1,2,0,0,1,3,3,5,3,1,2,2,4,4,0,1,3,3,4,1,0,1,1,3,1,1,1,4,1,1,3,3,1,1,1,2,0,4,1,0,1,1,0,0,0,0,0,1,2,1,1,0,1,0,2,0,1,2,1,1,1,0,0,1,0,1,1,1,0,1,2,0,0,0,0,2,0,2,0,1,0,1,2,0,2,0,0,0,2,3,2,3,0,0,0,0,0,2,0,2,0,0,1,0,0,0,2,0,1
0.175000001E-1,200,53,49,33,39,43,37,46,32,35,30,38,36,40,29,27,29,44,29,26,23,22,36,18,27,21,17,10,13,26,16,23,19,14,12,17,15,11,10,14,11,17,9,7,9,8,7,9,10,8,2,8,5,7,8,6,2,7,4,8,5,5,12,2,5,6,2,6,6,7,5,0,5,1,4,1,3,4,4,3,4,4,3,1,6,4,3,4,4,2,2,2,0,1,0,3,2,1,3,1,2,2,2,1,1,2,2,0,4,3,4,3,3,1,1,0,0,1,1,0,2,2,0,1,1,1,0,3,0,1,1,1,0,0,2,2,1,0,0,0,1,1,1,1,1,1,0,0,0,0,0,0,1,0,0,0,0,1,1,0,0,1,0,0,1,1,0,1,0,1,1,2,1,3,2,1,0,0,0,0,0,0,1,1,0,1,0,1,0,0,1,3,0,1,0,1,0,0,1,0,0
0.175000001E-1,200,32,46,40,38,33,52,37,35,32,44,31,25,31,29,19,31,28,36,33,14,21,16,26,21,27,18,21,15,18,19,16,16,17,18,10,14,15,14,14,16,11,17,10,13,6,6,11,11,8,5,4,9,12,3,10,10,7,2,5,4,4,6,7,5,5,7,7,6,3,5,2,6,3,4,5,2,2,7,3,4,0,3,3,0,2,4,2,2,3,0,3,4,3,2,4,2,1,5,3,3,4,10,1,4,2,1,1,1,2,2,3,3,2,1,6,0,2,0,4,1,4,0,1,1,1,1,2,2,1,1,2,2,2,1,0,0,3,2,0,0,1,0,1,1,0,0,1,0,2,0,0,0,2,1,0,1,0,1,2,1,0,0,1,0,0,1,0,0,0,1,1,1,1,1,1,1,0,1,0,0,0,1,0,0,1,0,1,0,0,0,0,1,0,2,1,0,1,1,0,0
0.175000001E-1,200,39,47,31,30,32,35,41,32,45,26,38,28,26,36,36,25,33,31,17,23,16,20,28,25,19,24,16,10,16,22,14,24,15,16,20,19,16,15,16,9,12,7,7,11,9,11,14,12,13,5,7,5,6,11,7,5,7,8,10,8,1,8,7,8,9,8,5,3,3,5,5,8,2,4,4,4,5,3,4,5,5,7,3,5,1,3,4,7,5,3,4,5,3,1,3,4,3,1,1,1,0,2,1,1,2,3,0,2,0,2,1,3,2,4,0,4,3,3,1,0,2,0,1,1,2,1,0,4,1,0,0,1,0,0,0,2,4,2,0,2,1,0,1,1,0,0,2,1,1,0,1,2,0,0,1,1,1,1,2,0,0,1,0,0,0,0,1,0,1,0,0,1,0,1,0,0,1,0,0,2,0,0,0,0,0,3,1,0,0,0,0,1,1,1,1,0,0,0,1,1
0.175000001E-1,200,39,44,42,43,41,32,39,49,44,42,27,21,26,23,26,30,31,28,27,11,16,26,17,16,25,16,15,15,16,20,20,15,9,14,13,7,13,9,18,13,15,10,8,14,11,14,10,8,13,10,11,12,11,4,3,9,5,5,7,4,6,3,6,4,10,2,5,5,8,5,8,2,4,7,3,6,4,5,2,6,6,3,2,2,4,5,2,3,3,4,3,2,2,3,4,3,2,3,1,1,5,3,7,2,5,2,1,2,1,2,0,2,5,3,3,4,2,2,0,2,0,0,3,0,1,1,3,2,1,3,2,1,0,1,1,1,1,1,0,0,2,1,1,1,2,2,0,0,0,0,1,0,0,3,2,0,1,1,2,0,2,0,0,3,1,1,0,2,0,1,1,0,1,0,0,2,1,0,0,0,0,0,0,0,1,0,0,1,1,1,1,0,1,0,0,0,0,0,0,1
0.175000001E-1,200,42,40,44,40,36,40,42,36,37,28,30,39,24,30,35,32,18,25,25,23,21,19,21,22,24,25,22,15,10,10,15,14,19,16,17,21,12,17,16,14,7,16,13,12,13,10,8,8,14,7,10,5,5,11,7,3,8,6,5,8,7,5,2,4,7,7,4,5,4,3,1,4,5,3,4,2,5,7,9,3,3,6,2,2,0,6,3,3,2,2,2,2,2,2,3,1,1,3,0,7,8,3,0,2,3,1,1,0,2,2,4,1,3,1,1,2,1,2,3,2,4,1,3,2,2,1,2,0,2,0,1,1,0,1,1,1,0,4,1,1,1,0,4,1,1,0,2,1,1,1,1,5,2,0,1,3,0,1,0,0,0,0,0,0,0,1,1,1,1,2,0,0,1,0,1,1,0,0,0,0,0,1,0,0,0,0,0,0,1,0,0,0,1,1,0,1,1,0,0,0
0.175000001E-1,200,47,60,51,46,38,50,40,44,37,33,31,28,36,36,31,29,22,39,29,30,25,16,22,20,15,20,16,19,20,19,15,15,19,14,14,14,16,16,8,11,9,14,11,8,11,10,7,6,7,5,4,16,10,6,12,3,6,2,7,5,4,6,2,7,6,2,3,5,4,1,5,1,5,4,7,2,2,5,2,1,2,4,2,1,2,5,3,2,3,2,1,3,1,0,3,0,1,4,0,0,3,1,2,2,1,2,1,1,1,2,5,3,3,1,0,0,2,0,0,0,0,0,0,1,3,3,0,0,1,0,1,1,0,1,1,0,1,1,1,0,0,1,0,0,1,0,1,0,2,1,0,2,0,1,0,2,0,0,0,0,0,3,0,1,1,0,0,0,1,0,1,0,1,0,1,0,0,2,0,1,1,0,1,2,0,2,0,0,2,0,0,0,0,0,2,0,0,0,0,1
0.175000001E-1,200,35,45,38,29,30,45,32,36,39,27,25,27,25,33,32,23,25,27,22,24,26,31,28,27,19,18,27,18,22,14,15,13,12,16,18,12,14,8,18,11,13,16,9,16,6,6,9,12,13,6,6,4,9,6,7,4,9,8,8,13,5,9,7,6,10,5,5,5,2,5,6,8,7,5,2,6,7,5,2,2,3,3,4,3,4,2,3,3,3,3,2,2,5,0,0,1,5,3,1,4,3,4,0,2,1,1,1,5,0,3,0,0,2,1,4,2,2,0,2,1,2,4,1,1,1,4,1,1,2,1,2,3,2,3,0,0,1,1,3,0,1,2,0,1,1,1,3,1,0,0,1,2,0,1,1,0,3,2,1,1,2,2,0,0,1,1,2,0,0,1,0,1,0,0,0,0,0,1,0,1,0,0,0,1,0,1,0,0,0,0,2,0,0,0,1,0,1,0,0,1
0.175000001E-1,200,43,46,45,42,42,55,44,32,28,39,41,28,22,28,27,25,41,25,20,26,27,20,22,22,22,25,15,21,18,14,22,12,10,18,18,12,15,12,7,12,11,21,7,11,7,12,9,9,5,14,6,8,6,7,9,11,9,7,7,8,4,5,4,5,9,1,1,5,4,2,5,3,6,4,4,1,4,4,3,4,3,2,3,2,2,5,1,4,1,2,4,3,8,1,3,0,3,1,0,0,2,0,2,4,1,0,1,2,1,1,0,0,2,1,1,2,1,1,0,2,1,1,1,2,2,0,2,1,0,1,0,0,1,2,2,1,0,0,1,1,1,2,0,1,2,3,1,2,2,1,0,0,0,0,1,1,1,2,2,1,0,0,0,1,1,0,1,0,0,0,1,1,0,1,1,1,2,1,0,0,0,0,0,2,1,0,0,1,0,0,0,0,0,0,0,0,0,1,0,0
0.175000001E-1,200,53,47,46,50,46,47,41,43,33,29,32,34,39,32,24,34,30,27,28,27,21,18,27,22,20,20,14,20,15,12,21,16,15,18,12,13,16,13,10,9,14,14,6,11,3,14,8,7,5,10,8,8,10,12,12,2,4,11,6,4,3,9,6,7,7,3,6,2,4,6,4,6,4,4,3,6,3,1,2,1,6,0,4,4,6,2,0,2,2,5,5,0,4,2,0,0,0,0,0,3,0,2,2,2,2,0,3,1,1,1,1,0,0,2,1,1,1,1,0,0,1,2,1,2,0,1,1,0,0,1,1,2,1,1,0,1,1,1,1,1,0,0,0,0,0,0,1,0,1,0,1,1,2,2,0,1,0,1,1,1,1,2,2,1,0,0,1,1,2,0,0,0,0,1,1,0,0,0,0,0,0,0,2,0,3,0,1,0,0,1,0,0,0,0,0,0,0,0,0,0
0.175000001E-1,200,45,49,53,29,46,42,34,32,35,31,32,30,18,25,33,23,24,18,32,20,29,20,30,18,22,11,13,13,21,23,17,12,18,11,22,18,17,9,8,14,9,15,6,13,8,8,7,6,3,7,7,8,11,11,8,10,12,9,8,4,3,6,9,6,4,8,1,4,4,2,6,6,4,5,4,6,4,4,4,10,2,0,3,8,3,2,2,6,5,6,3,2,2,1,1,1,3,3,5,5,0,2,3,3,2,0,1,4,4,2,2,0,1,0,1,1,3,1,0,1,2,0,2,0,2,2,3,1,1,0,2,1,2,2,0,1,1,4,3,0,0,2,0,0,2,1,1,1,1,1,1,0,1,0,0,4,1,3,0,2,2,0,0,1,1,1,0,0,0,1,1,0,0,0,0,0,0,1,1,0,1,0,0,1,0,1,0,3,0,0,1,0,2,0,1,1,1,1,0,0
0.175000001E-1,200,39,38,34,57,33,29,29,30,32,37,33,27,27,39,31,19,19,32,25,26,22,20,9,19,21,18,16,21,30,23,24,15,15,13,10,16,13,16,12,12,11,7,11,14,10,6,9,12,6,6,10,12,8,11,10,7,2,13,8,5,2,7,4,11,10,10,9,4,8,2,5,7,4,3,2,5,4,3,5,3,7,4,3,5,1,1,2,3,2,7,0,3,0,4,5,1,3,0,3,2,1,2,1,3,1,0,4,1,4,0,1,1,1,2,0,2,2,4,0,3,3,2,0,3,1,0,1,2,0,2,2,0,2,2,2,0,4,1,2,3,3,4,0,0,0,0,2,1,0,0,1,1,1,0,2,1,0,0,0,1,0,0,0,0,1,1,1,0,2,3,0,1,1,0,0,1,2,1,0,0,3,0,2,0,0,2,4,1,2,0,1,0,0,1,0,0,0,0,1,0
0.175000001E-1,200,50,52,53,51,31,47,53,39,37,28,39,28,35,31,33,30,18,24,30,29,26,29,19,16,14,28,19,23,17,18,20,6,8,20,15,15,13,11,3,13,9,12,12,13,11,9,11,8,5,7,10,6,7,4,9,5,11,5,1,8,3,6,6,4,7,1,4,5,2,1,4,5,1,4,0,2,5,1,6,5,2,5,6,3,9,3,3,3,1,2,2,0,2,2,3,1,4,3,2,4,0,1,3,1,0,3,5,1,1,1,1,1,1,0,3,2,3,2,0,1,2,2,0,0,0,0,1,1,2,0,5,1,0,0,0,2,0,0,0,0,1,1,1,2,0,0,1,2,2,1,0,0,1,1,1,0,0,1,0,1,0,1,2,0,0,0,0,1,0,1,0,0,0,0,1,1,0,0,0,1,0,0,0,0,0,0,0,0,2,0,0,0,1,0,0,1,0,0,0,1
0.175000001E-1,200,43,44,42,36,36,53,40,38,26,38,29,37,25,21,35,19,28,24,28,25,26,29,25,20,18,14,28,17,16,14,23,16,8,14,15,17,10,14,10,15,14,12,15,7,11,6,9,12,7,4,7,5,7,7,9,4,9,5,7,5,6,10,5,4,6,5,8,7,6,6,7,4,3,6,7,5,4,2,4,3,2,0,5,5,3,3,1,2,5,2,2,6,4,3,6,4,1,3,0,1,1,3,3,1,1,2,1,0,1,2,2,1,0,4,2,2,2,4,2,0,3,2,1,0,2,0,0,1,0,3,2,2,1,2,3,0,0,0,2,0,2,1,2,2,2,0,1,0,1,1,0,3,1,0,3,0,0,1,1,0,2,1,0,0,1,0,2,0,1,0,0,0,0,1,1,1,0,1,0,0,0,1,1,1,1,0,0,1,0,0,0,0,0,0,0,0,0,0,1,0
0.175000001E-1,200,55,48,55,45,41,45,38,37,42,34,40,33,29,31,25,31,19,32,24,19,34,20,27,26,13,18,15,18,21,11,19,22,15,17,15,14,9,11,17,11,9,12,9,17,6,14,8,7,13,6,6,11,7,6,3,6,10,8,3,9,3,1,9,5,5,3,3,2,6,3,4,4,0,5,1,2,5,3,3,5,2,4,4,2,2,5,2,3,2,0,0,1,1,2,1,3,3,1,0,1,3,5,1,3,1,1,1,3,0,1,1,1,3,0,0,2,2,1,1,2,1,1,3,2,0,5,0,2,2,1,1,1,0,1,1,0,2,0,0,1,0,0,1,0,0,0,1,0,1,0,1,0,4,1,0,0,0,1,3,0,1,0,0,0,1,0,0,0,1,2,0,0,0,0,0,1,0,0,1,1,0,1,0,0,0,0,1,2,0,1,1,1,0,0,0,0,0,1,1,1
0.175000001E-1,200,56,58,48,42,44,43,39,41,36,26,33,23,35,26,34,32,27,24,18,13,25,23,19,13,15,12,24,17,15,19,20,18,15,12,15,14,17,12,14,7,11,5,7,9,12,9,6,10,8,6,10,7,7,11,8,10,9,11,6,6,5,10,6,7,3,3,6,3,5,6,6,4,5,4,6,4,0,6,3,6,4,2,3,3,3,1,0,1,3,5,4,5,2,1,2,3,0,6,1,2,3,2,3,4,2,0,3,4,3,3,1,0,2,3,3,1,2,1,0,3,1,2,0,1,2,1,0,0,0,0,0,0,2,2,1,0,0,0,1,2,1,1,1,2,0,1,1,1,0,0,0,3,1,2,2,0,0,0,0,4,0,0,0,1,0,0,0,0,2,0,1,0,1,1,0,0,1,0,0,0,2,0,2,2,1,1,0,1,1,2,1,0,1,0,0,0,1,0,1,0
0.175000001E-1,200,62,44,45,54,47,33,37,42,36,37,44,39,39,30,31,26,33,32,30,31,26,30,20,20,22,19,13,14,13,22,17,15,13,13,13,6,7,17,12,11,9,14,7,7,12,9,8,7,12,6,9,5,7,8,4,4,5,8,4,6,4,8,3,5,6,3,5,3,5,2,2,6,3,3,3,6,3,4,5,4,4,4,6,3,4,3,4,3,2,1,4,0,3,2,2,2,1,1,2,3,1,4,2,2,1,2,0,2,1,2,3,1,0,3,0,0,2,1,0,1,1,0,0,1,3,0,1,0,1,1,1,0,1,0,2,2,1,0,2,0,3,0,0,1,0,0,2,3,1,1,1,0,0,0,0,0,0,0,1,1,0,0,0,0,0,1,0,1,0,0,3,0,0,0,0,0,1,1,2,0,0,0,0,0,1,2,2,0,0,0,0,0,2,0,1,1,0,0,0,1
0.175000001E-1,200,66,53,50,31,36,44,36,43,29,35,32,22,33,24,32,24,28,23,25,26,20,20,28,18,24,21,28,23,13,17,10,12,12,8,14,12,16,17,13,9,12,11,13,6,7,13,8,10,17,8,10,3,6,4,10,6,9,6,10,6,5,8,10,5,2,5,4,3,9,3,7,2,4,5,2,8,5,3,1,1,1,7,2,0,1,4,5,2,0,2,4,3,2,0,1,4,2,4,1,2,1,2,4,2,3,5,1,1,1,1,3,0,3,1,3,0,1,1,1,3,0,1,1,2,1,1,1,1,0,0,2,1,1,1,0,2,2,1,1,0,0,0,0,0,3,1,2,1,0,1,0,0,1,0,0,1,2,1,0,2,0,3,1,0,1,1,0,2,0,0,0,1,0,0,0,0,0,1,1,0,0,0,0,1,0,0,1,1,1,0,0,0,0,0,0,0,0,1,0,1
0.175000001E-1,200,50,46,43,38,39,32,38,44,35,29,29,35,35,36,33,32,28,33,12,22,26,22,29,14,15,14,27,27,21,18,15,25,19,18,12,17,10,15,17,10,11,13,7,9,12,7,11,14,9,8,7,6,10,6,10,4,8,7,4,2,5,6,8,1,1,7,5,2,3,5,4,4,7,8,1,5,2,3,6,5,1,3,4,4,1,1,4,1,3,6,4,1,1,2,4,1,1,0,2,2,2,1,1,1,4,1,1,2,2,1,3,2,6,0,1,3,3,1,0,1,1,2,1,1,1,0,1,0,0,2,0,1,1,1,2,0,0,1,0,1,1,2,0,0,3,3,0,2,1,0,0,0,0,0,0,1,0,2,1,0,2,2,0,0,0,0,0,0,0,0,0,2,1,0,0,0,1,1,1,0,1,1,1,0,1,1,1,0,0,1,0,1,0,0,0,0,0,0,0,0
0.175000001E-1,200,55,37,52,43,51,38,42,37,38,44,29,29,30,26,33,28,28,27,29,27,25,13,26,25,27,18,24,18,17,16,12,10,15,9,16,14,4,16,17,6,11,14,12,11,11,12,8,8,6,10,6,13,7,6,7,12,9,6,7,12,5,4,2,5,3,4,1,6,3,3,1,3,5,5,3,5,6,3,3,1,0,3,6,2,3,1,1,1,3,5,2,2,4,1,1,1,3,1,0,6,4,1,4,1,1,4,3,0,3,0,1,1,2,1,0,1,1,0,2,0,0,0,1,2,3,2,1,1,2,4,0,1,1,1,1,0,3,0,1,0,2,1,1,1,2,0,0,1,0,1,1,0,0,0,0,0,0,0,1,2,1,1,0,0,0,0,1,1,1,0,1,0,0,0,1,2,0,0,0,1,0,0,2,0,1,2,1,0,0,1,2,1,2,0,0,0,1,0,0,0
0.175000001E-1,200,41,47,38,35,40,47,32,33,33,33,29,30,23,40,35,26,25,26,24,24,25,23,16,25,18,17,18,28,19,14,22,17,15,16,17,10,17,17,15,14,12,12,12,9,12,7,3,9,13,11,7,6,11,7,7,7,7,13,3,9,6,3,7,2,8,0,2,2,6,6,4,5,3,6,4,4,4,6,6,6,1,4,2,7,2,5,1,3,3,2,1,2,2,1,1,5,1,4,3,4,4,0,0,2,1,1,0,2,0,3,0,2,1,2,1,3,1,2,1,0,1,3,0,2,0,1,1,0,2,2,3,1,1,0,0,0,0,0,2,1,1,0,1,3,0,2,1,1,3,0,0,1,2,0,0,1,0,1,0,1,1,2,1,1,0,0,4,2,0,0,0,0,2,1,0,0,1,0,1,0,1,0,1,0,1,1,1,0,0,0,1,0,0,0,1,0,0,0,1,0
0.175000001E-1,200,46,51,43,45,30,31,43,38,44,31,28,29,40,35,29,39,35,33,24,24,19,29,21,22,23,18,22,23,14,16,14,10,9,12,19,13,12,14,11,9,12,8,2,8,16,9,11,5,12,4,11,11,5,11,6,6,5,3,6,11,7,3,7,4,6,6,0,5,8,4,0,5,5,3,5,6,3,2,1,2,3,6,0,2,2,0,2,2,1,1,7,2,1,3,3,3,2,5,2,0,4,1,1,1,1,2,2,0,1,0,1,3,1,2,2,1,1,1,3,3,1,1,0,0,3,0,0,2,2,1,1,1,1,0,0,1,1,2,0,4,1,1,1,1,0,0,1,0,0,3,2,1,0,1,0,1,1,1,0,1,2,1,0,1,1,0,3,0,0,0,0,0,1,0,1,1,3,2,0,1,0,1,4,0,1,0,0,0,0,1,1,0,0,1,1,0,0,0,1,0
0.175000001E-1,200,53,49,41,40,42,46,27,38,31,36,35,35,29,33,30,22,23,32,17,20,17,26,18,15,17,12,16,14,11,16,10,16,15,12,14,8,11,16,13,7,12,13,17,9,15,12,8,11,8,12,14,8,10,10,7,16,5,10,5,5,5,7,6,5,7,5,5,2,5,2,5,4,8,1,2,5,3,5,4,8,7,2,3,1,4,4,1,2,2,5,4,2,3,7,1,2,2,4,4,1,3,5,0,3,3,4,2,2,2,3,2,1,1,0,2,1,4,1,2,2,2,2,0,2,3,4,2,0,2,0,1,2,3,1,2,0,1,1,2,2,1,1,0,1,2,0,2,0,1,0,0,0,1,0,0,2,0,0,0,0,2,1,1,0,2,2,0,1,0,2,0,0,0,1,1,0,0,1,0,1,0,0,0,0,0,0,0,0,0,1,0,1,2,0,2,1,1,0,0,0
0.175000001E-1,200,43,54,44,34,51,37,48,35,46,29,26,25,37,24,30,25,30,25,24,31,35,26,22,22,16,22,16,14,24,15,19,14,21,14,16,14,8,11,5,11,7,9,14,8,13,14,8,5,11,10,7,11,1,4,11,11,8,11,9,9,5,9,1,7,4,4,1,3,5,2,4,5,4,5,3,4,8,0,4,4,3,2,2,3,8,5,1,1,0,2,3,5,1,2,2,3,0,0,2,3,4,5,4,1,1,1,2,1,1,1,2,4,3,1,2,2,1,0,1,1,0,3,2,2,0,1,1,1,0,0,0,2,1,1,2,1,3,3,1,1,0,1,1,0,0,1,1,0,1,0,0,0,0,0,2,1,1,2,0,0,2,0,2,0,0,1,0,0,0,2,0,0,0,0,2,0,0,0,1,0,0,1,0,2,3,0,4,0,0,0,0,0,1,0,1,0,2,0,0,3
0.175000001E-1,200,54,42,42,42,38,38,53,44,37,21,34,33,34,31,31,16,39,21,25,24,19,24,29,19,21,15,20,20,18,12,9,26,23,14,10,17,15,19,14,10,15,9,11,10,9,14,10,7,7,7,7,6,14,6,7,7,13,5,3,4,7,7,7,4,4,5,4,1,4,8,3,2,1,3,5,2,3,2,1,6,2,4,2,3,3,4,2,1,5,5,2,3,1,2,1,3,2,5,1,2,3,5,1,0,0,2,0,0,0,1,3,3,0,3,4,0,0,2,1,1,2,1,2,1,2,0,2,1,2,2,1,2,1,0,0,0,1,1,2,0,0,0,0,1,1,1,0,2,0,0,3,0,1,0,2,1,0,0,2,1,1,0,1,0,0,0,0,1,0,1,0,0,1,2,0,1,0,0,0,0,0,1,0,2,1,0,1,0,1,0,0,0,2,0,2,0,1,0,1,0
0.175000001E-1,200,48,51,35,43,49,31,36,39,42,29,27,29,43,30,31,24,30,34,29,29,26,14,16,16,23,25,22,16,18,14,11,15,21,17,10,14,14,19,15,17,11,6,16,9,4,8,12,7,15,10,8,6,9,7,3,4,11,6,9,1,4,5,9,4,3,4,5,6,5,6,3,5,3,2,3,3,5,6,5,3,3,5,4,2,2,1,5,2,2,3,2,1,4,1,4,2,5,2,1,1,3,3,0,0,4,4,1,4,3,0,1,2,1,3,1,1,2,1,1,0,0,3,0,1,0,0,1,3,0,0,2,1,2,0,0,0,1,1,2,1,0,0,0,1,1,1,0,0,0,2,1,0,0,2,0,0,0,1,1,0,0,0,0,0,2,0,0,1,0,1,0,0,0,1,2,1,0,0,0,1,0,0,1,0,0,0,0,0,2,0,1,1,1,0,0,2,1,0,1,1
0.175000001E-1,200,45,50,50,34,47,41,42,30,43,27,33,37,36,36,28,30,21,35,19,31,14,23,19,17,18,17,18,17,24,18,11,22,14,18,9,19,17,11,11,9,16,15,8,13,6,10,13,11,12,10,9,8,3,4,13,4,8,4,3,6,6,5,5,6,5,7,4,3,4,5,4,5,5,3,7,3,2,5,3,3,5,3,2,4,1,4,4,2,5,5,2,2,1,6,1,3,1,3,3,0,0,0,0,6,2,1,3,1,1,1,1,0,1,1,1,1,1,5,1,1,1,1,1,1,0,2,1,0,2,1,1,1,1,0,1,0,1,0,1,2,1,0,0,1,0,1,1,1,0,1,0,0,1,0,1,0,0,0,2,3,1,1,0,0,2,0,1,0,0,0,0,0,0,1,0,0,1,0,0,1,1,2,0,0,0,0,1,1,0,0,0,0,0,0,1,0,0,0,0,1
0.175000001E-1,200,48,41,39,31,44,48,37,33,38,45,37,27,32,37,37,26,29,34,21,21,24,13,18,18,16,14,19,20,20,10,17,11,15,18,10,13,16,13,10,22,13,11,10,4,10,5,6,7,9,10,10,7,11,9,4,12,12,1,6,5,6,7,8,8,5,5,3,5,8,2,7,5,8,1,3,4,4,1,4,6,6,3,2,6,3,0,0,3,4,5,3,6,2,0,2,1,3,2,5,2,3,1,3,1,3,3,2,3,1,0,0,1,1,1,0,1,4,3,1,2,2,0,3,1,2,2,1,4,2,0,1,2,2,1,1,1,2,1,0,0,0,0,2,2,0,2,1,1,1,0,0,0,1,2,0,2,1,0,0,0,0,0,0,1,0,0,2,1,1,0,0,0,1,0,1,0,1,1,1,1,4,0,1,0,2,0,1,0,0,0,0,0,0,0,0,0,0,0,0,1
0.175000001E-1,200,39,48,46,38,41,45,25,41,26,36,27,33,29,36,20,29,24,26,19,26,28,20,30,16,25,28,26,18,13,19,12,13,15,18,7,16,7,9,7,13,8,5,15,10,7,12,6,7,9,8,6,8,10,10,4,8,6,7,8,10,7,4,6,3,6,3,4,5,10,6,5,6,6,2,3,6,6,6,4,2,5,1,1,5,3,1,5,2,2,2,2,3,1,2,4,2,5,2,1,3,4,3,5,3,2,2,3,6,0,1,0,1,3,2,2,0,1,3,2,2,3,0,1,0,0,3,0,1,2,0,3,1,2,1,2,1,4,3,0,4,2,0,1,1,1,1,2,0,3,1,1,0,1,2,1,0,0,0,0,4,1,0,2,3,1,1,1,1,0,0,0,0,4,1,0,0,0,0,1,1,0,0,0,0,0,0,1,0,0,0,1,1,1,0,2,0,0,0,0,2
0.175000001E-1,200,55,44,51,41,36,39,37,41,41,36,42,47,22,27,26,29,22,27,36,30,27,28,24,13,16,19,17,21,12,18,22,15,13,13,13,14,17,22,9,10,17,14,7,9,10,6,16,8,9,3,10,11,13,3,5,10,6,5,7,6,2,3,5,6,0,1,3,6,4,2,2,7,6,3,4,2,3,4,5,4,2,2,4,3,2,4,0,2,2,2,0,5,1,2,2,1,0,0,2,4,2,3,2,1,3,1,2,0,1,4,4,1,0,2,0,0,0,0,0,1,0,4,1,2,1,0,0,2,1,2,0,1,2,0,2,0,3,1,1,2,0,2,0,1,0,3,1,1,0,0,0,0,0,1,0,1,0,0,1,0,0,0,0,1,1,1,0,0,0,1,0,0,0,2,0,0,0,1,0,1,0,0,0,1,0,1,0,0,0,1,0,0,2,0,1,0,1,0,0,0
0.175000001E-1,200,53,44,50,56,51,47,43,43,42,41,30,30,24,33,28,34,27,26,32,29,22,25,17,18,16,17,16,14,10,16,13,16,20,20,11,16,15,9,11,9,8,11,14,9,9,14,10,13,6,15,6,11,5,7,5,3,5,9,5,5,7,6,3,6,3,1,4,5,5,3,4,1,4,5,1,2,1,5,2,1,2,6,0,4,3,1,4,7,2,2,0,3,4,2,0,2,2,1,1,2,1,1,0,2,1,3,1,1,1,1,2,0,0,0,6,2,0,2,2,2,1,1,2,0,0,1,1,1,4,0,3,0,0,2,1,0,1,0,1,0,0,0,3,2,0,1,1,0,0,2,0,0,2,1,2,2,0,1,0,0,1,1,0,1,0,1,0,0,0,0,0,0,0,0,0,0,0,0,0,1,0,1,0,1,0,2,0,0,0,0,0,0,0,0,1,0,0,1,0,0
0.175000001E-1,200,59,43,46,45,39,38,38,35,32,26,29,40,22,35,23,22,25,29,16,27,28,19,28,21,22,21,20,27,22,16,14,16,12,21,13,14,19,14,16,11,10,11,7,7,9,10,9,9,10,12,11,6,9,7,4,8,8,6,3,11,3,2,5,6,7,11,4,3,5,4,4,6,2,3,5,3,4,4,0,1,8,1,2,5,3,2,2,1,2,7,1,1,6,2,6,1,1,1,2,2,3,3,3,1,1,0,2,2,2,2,1,0,2,3,0,1,0,0,0,2,0,1,1,1,1,3,0,0,2,1,1,0,1,1,2,5,0,1,1,0,3,0,1,1,1,0,3,1,3,0,2,0,0,2,0,0,1,1,2,0,0,1,0,1,0,0,0,2,0,1,0,0,0,2,0,1,3,1,0,1,0,0,0,1,0,0,0,0,1,0,0,0,0,2,0,0,1,0,1,1
0.175000001E-1,200,49,62,53,42,31,46,39,27,38,32,28,31,28,29,21,26,22,25,24,18,33,23,20,25,20,17,19,21,20,13,14,16,14,14,19,18,15,9,18,17,13,11,15,9,12,9,10,14,11,7,5,9,5,8,3,3,7,7,7,6,7,4,5,8,3,8,5,4,8,6,7,5,1,6,2,2,4,4,0,4,7,2,0,5,3,4,2,1,3,0,3,3,3,4,4,3,5,1,4,1,3,4,2,1,3,2,0,0,1,1,1,2,2,1,1,0,3,1,1,4,2,2,0,1,1,0,0,0,1,3,0,2,0,0,1,0,1,1,1,0,0,4,0,1,1,1,2,1,1,0,1,0,3,2,0,1,0,0,0,0,2,0,1,0,0,0,1,2,0,0,0,0,0,1,1,1,2,0,0,1,0,2,0,1,0,0,0,0,0,0,0,0,0,2,0,1,0,0,0,0
0.175000001E-1,200,56,56,62,53,52,61,43,44,44,31,31,30,28,27,24,37,16,25,24,24,18,22,19,20,26,16,9,17,15,19,19,13,16,18,16,11,13,15,14,19,4,11,8,8,11,8,8,9,11,4,6,9,6,6,6,11,9,6,5,2,4,2,5,7,8,2,2,1,3,7,5,9,3,3,2,4,5,4,4,6,5,5,0,5,0,1,4,1,4,4,0,0,4,2,7,2,5,1,4,4,0,1,0,1,1,1,2,2,0,0,0,2,0,3,1,1,2,2,0,2,1,2,2,1,1,0,0,1,1,1,0,0,0,2,0,1,0,0,0,0,0,0,1,1,0,0,1,2,2,1,2,0,0,0,1,0,0,0,2,1,0,1,1,0,1,0,1,0,0,2,0,0,0,0,0,0,0,1,2,0,0,0,0,1,0,0,1,1,0,0,0,0,0,0,0,0,0,0,0,0
0.175000001E-1,200,35,43,33,42,46,34,35,27,29,36,19,30,37,28,22,30,27,29,24,20,19,18,29,29,18,16,20,19,37,19,11,9,18,14,12,20,7,15,4,15,10,12,10,5,12,7,11,9,7,11,11,7,16,7,8,12,9,7,9,8,8,8,8,6,9,7,3,8,4,5,5,4,2,9,8,0,4,3,1,7,6,4,5,2,4,4,2,1,2,2,5,2,3,1,5,1,2,1,3,1,2,3,2,1,1,1,1,3,5,2,0,1,2,0,1,1,1,1,0,2,1,3,1,1,1,1,2,0,1,0,2,0,3,0,1,2,0,1,0,3,1,2,0,1,1,2,0,0,1,2,3,1,3,1,1,1,2,2,3,1,0,1,1,0,1,2,0,1,0,0,0,0,0,1,0,0,1,0,3,1,1,0,1,1,0,1,0,1,1,0,0,1,0,0,1,0,1,1,0,2
0.175000001E-1,200,44,47,50,44,28,36,40,47,30,25,31,32,34,32,25,31,19,27,26,30,21,24,23,21,23,24,17,12,14,15,18,14,18,20,13,14,11,15,18,16,7,17,8,12,7,8,6,5,13,7,9,8,7,4,9,8,4,9,6,6,4,4,12,4,5,3,10,4,6,10,4,7,3,4,7,3,4,3,5,8,5,3,3,3,2,4,4,3,2,4,1,1,2,4,1,5,2,4,3,3,0,2,1,3,2,1,2,2,3,1,0,3,4,1,1,2,0,1,2,1,1,1,1,1,2,0,1,1,2,0,1,1,0,0,0,3,1,0,1,1,0,1,0,0,1,1,0,2,0,4,1,1,0,1,1,0,0,0,1,1,1,1,0,0,1,1,0,2,1,0,1,1,1,0,2,0,0,0,0,0,0,0,1,1,0,1,0,1,0,0,0,0,0,0,0,0,0,0,1,0
0.175000001E-1,200,51,49,45,54,52,42,39,51,37,37,45,25,25,31,28,37,27,22,37,22,19,23,25,21,18,21,18,20,15,14,18,12,13,20,10,11,11,8,11,10,10,6,11,17,10,7,14,7,12,11,7,9,10,14,9,8,3,8,5,7,3,4,5,6,4,2,0,7,8,5,3,3,3,5,5,5,0,3,2,1,0,3,3,6,2,2,2,3,3,4,4,0,1,2,2,2,2,2,2,1,1,3,1,1,0,3,2,0,0,1,2,1,1,1,2,1,2,2,1,0,1,1,1,1,1,1,4,0,0,1,1,1,1,0,1,0,0,0,0,1,1,1,0,0,1,0,2,0,2,0,1,0,1,0,1,0,0,0,1,1,1,1,1,1,0,0,0,1,0,0,0,1,0,0,0,0,0,0,0,1,0,1,0,0,0,0,0,0,0,0,1,0,0,0,0,1,0,0,0,0
